 Nom d'utiliateur: comblefa
 Date et heure: 03/04/18 10:40
 Type de mesure : ser
 Nom mesure : vide_hor
 Puissance émission : 0.0

 Mode angulaire : fixe
 Angle fixe : 0
 Angle initial : none
 Angle final : none
 Pas angulaire : none

 Mode en fréquence : balayage
 Fréquence fixe (GHz) : none
 Fréquence minimale (GHz) : 2.5
 Fréquence maximale (GHz) : 17.5
 Nombre de points de mesure : 1601

 Polarisation : HH, HV, VH, VV, 
 Plaque canonique - longueur : none
 Plaque canonique - largeur : none
 Sphère canonique - rayon : none

0.000000000000000000e+00
3.635305911299999831e-02
-3.304243832829999866e-02
3.524202853439999811e-02
-4.429122433069999920e-02
4.081924259659999721e-02
-3.984238207339999699e-02
4.153575748209999835e-02
-3.943465277549999815e-02
4.324227944020000297e-02
-4.231669381259999668e-02
4.091048985719999975e-02
-4.408523440360000156e-02
4.753036797049999679e-02
-4.671768844129999682e-02
4.163144528869999750e-02
-3.948447480799999881e-02
4.091975092890000332e-02
-3.618023917080000207e-02
3.474471345539999895e-02
-3.589314594859999846e-02
3.143525123600000165e-02
-2.569586224850000170e-02
2.401536144319999996e-02
-2.214451506729999894e-02
2.133281528949999839e-02
-1.733712665740000033e-02
1.269030105319999928e-02
-1.039030961690000018e-02
9.065083228050000580e-03
-1.125614810729999929e-02
6.249328609559999873e-03
-4.141105338930000344e-03
-2.331195282749999999e-04
-1.117720617910000075e-03
4.395841620859999854e-03
-1.995105063540000140e-03
-3.192604752259999880e-03
5.308541934940000373e-03
-8.962826104829999625e-04
-6.007529445919999661e-04
-4.286618437619999986e-03
1.731887808999999900e-03
8.478837553410000470e-04
5.098558613100000235e-04
2.250554825879999901e-04
-4.493155982350000369e-03
4.232698585839999791e-03
-3.590247360990000015e-03
6.078619975599999607e-03
-6.535901222380000042e-03
4.400545265530000395e-03
-2.257160376760000177e-03
3.072492778299999987e-03
-6.408554967489999907e-03
4.400245845320000307e-03
-2.889634808530000196e-03
5.422644317149999740e-03
-6.440500263119999791e-03
3.841514699160000160e-03
-3.325714264069999822e-03
1.610051956960000105e-03
-1.171387033540000067e-03
4.404870269350000061e-04
1.394425751639999942e-03
-7.115861400959999812e-03
1.058605033899999957e-02
-1.269679330289999984e-02
1.422659028320000067e-02
-1.576186716560000131e-02
1.521074213090000023e-02
-1.407472975550000047e-02
1.457767840469999937e-02
-1.617977954449999894e-02
1.499618403610000067e-02
-1.267601083960000034e-02
1.379490084950000042e-02
-1.223512273280000055e-02
1.235547382379999920e-02
-1.447530183940000034e-02
1.555796060709999963e-02
-1.770490221679999962e-02
1.390225999059999974e-02
-1.034884434190000077e-02
1.375430915499999997e-02
-1.611610502000000028e-02
9.827113710340000530e-03
-1.174647640440000008e-02
1.859961077569999982e-02
-1.912379823630000128e-02
1.634188555179999849e-02
-1.420796103780000083e-02
1.880348846319999934e-02
-1.706941425800000134e-02
1.158375665550000037e-02
-1.251871790739999928e-02
1.371851935980000076e-02
-1.025740243490000023e-02
8.689500391480000502e-03
-1.046747062359999932e-02
6.333635654300000251e-03
-6.431723944839999943e-03
7.820573635400000778e-03
-6.022283807399999959e-03
2.226131502540000182e-03
-1.947469310840000073e-03
5.513176787639999937e-03
-2.930863294750000146e-03
-3.730836790060000022e-03
4.856896121050000188e-03
-1.741544576359999909e-03
5.373285152020000101e-03
-1.021753903480000086e-02
1.016191951930000073e-02
-1.092978287490000040e-02
1.492827199400000027e-02
-1.678639091550000045e-02
1.086665783080000003e-02
-1.197864767159999982e-02
1.889470778410000038e-02
-1.913343556229999895e-02
1.014944631609999981e-02
-6.257494911550000143e-03
1.467437855899999914e-02
-1.916042901579999985e-02
9.030509740110000128e-03
1.556345610880000008e-03
7.199886720630000077e-03
-1.784969493750000052e-02
8.845271542669999251e-03
4.833893384780000094e-03
1.963887363670000028e-03
-1.264695823190000075e-02
1.094002556059999950e-02
-4.355145152659999595e-03
7.947109988889999562e-04
-1.911952393130000091e-03
6.268661469219999685e-03
-5.205575842409999876e-03
5.291012930680000182e-04
-3.158921608699999991e-03
7.291593123229999848e-03
-4.651702940460000421e-03
3.184212255289999819e-04
-2.342027844860000100e-03
5.398519337180000127e-03
-3.552823327479999807e-03
4.707104992120000019e-03
-6.260720081629999635e-03
4.407700616870000032e-03
-2.186445286499999908e-03
1.144900801590000017e-03
-1.679916749710000075e-03
1.882800017480000098e-03
-3.046911442649999791e-03
1.613007043490000082e-03
3.433369856789999760e-04
-2.077662153170000206e-03
1.161547261290000023e-03
-6.630943971689999767e-04
2.357468474659999823e-03
-1.943900715560000067e-03
2.741788048300000061e-03
-1.312364125619999971e-03
4.055158235130000219e-03
-6.689005997029999831e-03
7.691184990110000279e-03
-6.801399402319999871e-03
5.089492071420000270e-03
-6.463993340730000113e-03
6.522968411449999587e-03
-8.857009001079999694e-03
8.850196376440000109e-03
-6.563115864990000208e-03
3.902756841850000148e-03
-3.468297189099999941e-03
2.520559821280000078e-03
-1.538063632320000066e-03
9.530300740149999679e-04
-2.247475087639999938e-03
3.127802629019999989e-03
1.006087171850000069e-03
-2.861088607460000183e-03
3.125775372610000054e-03
-1.814150949939999976e-03
2.287351991979999846e-03
-3.186868503690000118e-03
2.079747151580000133e-03
-6.453431677069999817e-03
6.534700281920000423e-03
-3.146094037219999973e-03
6.171297747640000324e-03
-4.965139087290000239e-03
4.721862729639999742e-03
-4.774294327939999916e-03
5.857024807480000136e-03
-5.709840450440000284e-03
3.780163358900000010e-03
-5.476110149170000316e-03
5.363428499550000270e-03
-5.922090262169999765e-03
4.486118443309999697e-03
-4.200665745880000253e-03
3.683696733789999875e-03
-3.790938295419999868e-03
5.345273297280000308e-03
-3.751835552980000137e-03
3.064566059039999790e-03
-1.164612476710000016e-03
2.838346408679999835e-03
-1.022294047290000021e-03
-2.633383264770000078e-04
-1.756376586849999887e-04
1.539179240349999997e-03
4.660067788790000164e-04
1.577209477549999968e-04
6.396728567779999845e-04
8.803289383649999522e-04
-3.142205241600000008e-04
-7.444419898090000451e-04
6.672689924020000366e-04
-2.735684160140000164e-03
1.892597880209999925e-03
1.822490361520000095e-03
5.760305211880000376e-04
-2.040381077679999985e-03
3.900366369629999948e-03
-2.391394227739999847e-03
8.502507116650000283e-04
-1.935524051079999920e-03
2.824974944819999860e-04
-1.360637717880000064e-03
1.023156917649999933e-03
4.972614115100000478e-04
3.338695038109999996e-03
-3.801158396530000035e-03
3.179686376819999827e-03
-1.181877451020000008e-03
3.130023367699999795e-03
-2.365508582439999983e-03
2.868307521569999925e-03
-5.377470981330000413e-03
4.691425245259999745e-03
-5.312342196700000317e-03
5.969957914200000118e-03
-1.116000022739999965e-02
1.351113244890000085e-02
-1.021586265410000076e-02
1.316885370760000062e-02
-1.918504387139999962e-02
1.569988578559999848e-02
-1.544226147229999999e-02
2.203474938869999858e-02
-2.274552918969999921e-02
2.047236450019999932e-02
-2.403569407759999915e-02
2.654958330090000096e-02
-2.634414657949999891e-02
2.371487580240000045e-02
-2.520735934380000098e-02
2.622933685780000010e-02
-2.610517293210000075e-02
2.057409659029999990e-02
-2.428972907360000058e-02
2.659920975570000123e-02
-1.562599651520000035e-02
1.478333584959999961e-02
-2.270419336859999873e-02
1.793463155629999861e-02
-1.382400095459999922e-02
1.850958168510000168e-02
-1.801096089180000137e-02
1.298056542870000031e-02
-1.139616779979999925e-02
1.685101352630000160e-02
-1.766731217500000159e-02
9.132951498029999449e-03
-1.288213673979999967e-02
1.489968784149999989e-02
-1.469384972010000061e-02
1.004462875430000082e-02
-1.261149253700000021e-02
1.576968282459999954e-02
-1.255432423199999946e-02
1.075527723879999946e-02
-1.252637896690000051e-02
1.307982672009999972e-02
-1.172962691629999936e-02
1.335558574650000038e-02
-1.329307351259999964e-02
7.751927245410000084e-03
-1.507059019059999935e-02
1.459067966789999969e-02
-6.233527790760000006e-03
9.498853236439999334e-03
-1.294460333879999918e-02
8.824063465000000356e-03
-7.090331986549999743e-03
1.009028311820000037e-02
-8.891694247719999361e-03
5.836808122690000274e-03
-9.257734753190000054e-03
9.831684641540000200e-03
-8.032527752219999206e-03
9.545123204590000299e-03
-7.175301201640000084e-03
6.490281783039999683e-03
-6.693326868119999808e-03
6.579292472449999735e-03
-6.101839710029999600e-03
5.875973962249999780e-03
-8.453589864079999461e-03
7.099376060070000313e-03
-5.123947747050000209e-03
5.626409314570000007e-03
-6.090754177420000005e-03
6.410359870640000221e-03
-6.065821740779999728e-03
7.006941363220000121e-03
-6.976594682780000098e-03
4.154656082389999831e-03
-5.060093943030000326e-03
5.931660067290000019e-03
-6.354626268149999972e-03
5.872317589820000294e-03
-6.297624669970000415e-03
4.566237796100000058e-03
-2.432101638990000116e-03
6.005089730020000093e-03
-5.412789061670000151e-03
3.063953248779999975e-03
-4.537547472859999702e-03
4.729236941779999849e-03
-2.611940260979999859e-03
9.375226800329999497e-04
-3.011569380759999883e-03
3.813065821299999828e-03
-1.474351389329999927e-03
1.517580240029999927e-03
-2.845246111970000172e-03
5.362098454499999957e-04
7.445371593350000317e-04
1.271759741940000016e-03
-2.348728477949999904e-03
2.714399248359999819e-03
4.224027215969999795e-04
-1.720797154120000004e-03
-9.250357397829999913e-04
-6.230862345550000061e-04
-5.368767306210000482e-04
2.173107350250000087e-03
1.190451826010000100e-06
-2.761154202740000174e-03
3.315515816209999977e-03
-9.281818056479999553e-04
-2.811516169459999759e-04
-1.655717496760000015e-03
-4.126362618990000162e-04
-2.600641222669999950e-03
5.114374216649999680e-03
-1.302357297390000076e-03
1.286229467949999991e-03
4.243367584419999975e-04
3.405935829509999877e-03
-4.130223765969999808e-03
1.754299737510000082e-03
-5.032150074839999640e-03
2.482423558830000165e-03
-3.288560779770000140e-03
2.979487646369999906e-03
-3.441964741799999946e-03
5.659271497279999737e-03
-4.910986870529999646e-03
5.926087033000000323e-03
-4.447598941620000378e-03
3.511261427780000121e-03
-4.111579153689999717e-03
6.766397040339999953e-03
-6.787305232140000352e-03
6.222556810830000111e-03
-5.694686435160000067e-03
4.556071944530000299e-03
-4.803580697629999778e-03
7.724240887910000138e-03
-6.738782860340000215e-03
6.585151422769999589e-03
-7.786928676069999715e-03
6.645926274359999913e-03
-5.600827746089999740e-03
7.233191747220000210e-03
-6.792266853150000228e-03
7.575045805419999660e-03
-6.861978676169999680e-03
7.276073098179999810e-03
-6.003895774479999642e-03
4.382649436590000010e-03
-5.623615812509999597e-03
6.465446203949999811e-03
-5.688683129849999610e-03
6.243187934160000091e-03
-5.884071812029999932e-03
3.799039637669999851e-03
-4.280833527449999856e-03
5.383622832599999596e-03
-5.425295326860000121e-03
6.259952671829999669e-03
-2.847319934520000078e-03
4.870833363380000329e-03
-5.026858765629999871e-03
2.935649128630000125e-03
-5.533603951329999805e-03
4.095444455739999726e-03
-2.259797183799999980e-03
5.651156883689999709e-03
-5.515853874389999890e-03
1.632382860409999905e-03
-3.089393489060000136e-03
6.719056982549999855e-03
-4.430286120620000392e-03
1.661258167589999913e-03
-7.124409079550000218e-03
1.652976847249999987e-03
-1.259398879480000009e-03
7.415590342130000227e-03
-1.483246916910000096e-03
1.966407988220000066e-03
-7.563988678160000166e-03
-2.231471735289999902e-04
-1.206962740980000023e-03
5.421491339800000274e-03
-9.389187907800000329e-04
-2.013262361290000125e-03
-4.583457950499999871e-03
1.857941388150000095e-03
3.095784923059999826e-03
1.175967743619999980e-03
-1.756397425200000029e-03
-1.330805243920000092e-03
-3.864215395880000060e-04
2.305271336809999825e-03
-1.962083391849999813e-03
-1.360045862379999923e-03
-3.809280460699999808e-03
1.713613630269999934e-03
1.061691669750000058e-03
4.441012628380000202e-03
-2.738010138269999973e-03
2.189856488260000147e-03
-2.217539818959999784e-03
1.856813090849999959e-03
-4.551510326560000326e-03
-7.763167377560000479e-04
-1.196322846230000016e-03
4.545266740020000203e-03
2.081427810480000122e-04
1.339369569910000028e-03
-8.431924507020000133e-04
-3.341014962640000054e-04
-1.598055358039999910e-03
-9.147520759140000341e-04
-2.635535318399999990e-03
-1.558744348589999893e-03
2.630827482789999897e-03
2.883951179680000095e-03
1.805528881960000078e-03
-1.586200087330000069e-03
2.022821427089999981e-04
-6.077455473129999642e-04
1.726247370240000098e-03
-5.238145589830000420e-03
6.437007104980000402e-04
-9.704370750110000079e-04
3.385534742850000202e-03
-2.158249262719999940e-03
4.033350851389999950e-03
-2.958539873359999819e-03
3.682542825120000123e-03
-4.115968011319999856e-03
9.401270654050000123e-04
-3.538026707249999989e-03
4.337791353459999680e-03
-2.752888249230000129e-03
5.686313379559999881e-03
-3.601138480009999886e-03
3.300411393870000040e-03
-3.559728385880000113e-03
3.264338243750000094e-03
-4.300331696870000192e-03
2.637919038529999791e-03
-5.814436823130000008e-03
4.712662193920000124e-03
-2.425652695820000072e-03
4.677529446779999864e-03
-3.354650922119999969e-03
3.740095300599999891e-03
-3.945644013579999859e-03
4.098739009349999622e-03
-4.196943249550000310e-03
9.220031206499999885e-04
-3.259541932490000061e-03
4.587672185149999603e-03
-1.940336078410000034e-03
4.163005389269999919e-03
-4.754581954330000353e-03
2.471891464669999892e-03
-2.409978304059999955e-03
3.917517606170000180e-03
-3.845502855260000182e-03
2.016303595159999948e-03
-3.592700697479999858e-03
4.253444261850000338e-03
-1.628140453249999958e-03
2.205973491070000164e-03
-2.995370421559999819e-03
1.159892650319999932e-03
-3.285166341809999963e-03
3.020439995449999970e-03
-1.137794228270000039e-03
1.179560669699999953e-03
-4.724050522779999774e-04
1.281212666070000042e-03
6.871153163960000540e-05
7.745178299960000005e-05
1.029559134620000030e-04
-1.301670446989999915e-03
5.055608344260000345e-04
-1.059270813129999924e-03
1.342203933749999993e-03
-1.452361000700000057e-03
1.463902881369999985e-03
-1.244536950250000077e-03
2.407550578940000161e-03
-1.867968123409999900e-03
2.997909439729999799e-03
-3.058819565920000046e-03
1.086483127440000026e-03
-2.764717442910000211e-03
3.444980829950000049e-03
-1.489805290479999942e-03
3.929844126110000092e-03
-3.346103709190000140e-03
1.491131377410000094e-03
-2.889469265940000035e-03
3.406360279769999905e-03
-2.537686144929999794e-03
2.127553569150000042e-03
-4.302754998209999682e-03
3.772532334549999998e-03
-1.577351009469999928e-03
2.886233618480000054e-03
-3.852003952490000178e-03
2.760294592009999992e-03
-1.922771334649999971e-03
5.077390931549999667e-03
-2.837371313939999855e-03
2.496068598699999891e-03
-4.570560995489999882e-03
1.203915686349999901e-03
-3.531346796079999975e-03
3.757923841480000082e-03
-2.708165673540000040e-03
4.262699279930000189e-03
-1.316616078839999903e-03
2.670492278409999920e-03
-2.737159375099999965e-03
1.681140274740000086e-03
-3.601386211809999918e-03
2.073821844530000184e-03
-1.489730086180000076e-03
2.575458260250000023e-03
-8.234131382779999973e-04
2.570078242570000056e-03
-2.116857795040000181e-03
1.051075058060000006e-03
-2.092594280839999831e-03
1.111772842709999893e-03
-8.669281378389999708e-04
5.882931291129999546e-04
-8.038966916499999844e-04
6.132324924689999462e-04
-1.609293394719999934e-04
1.009126193819999927e-03
6.195547175589999822e-04
2.282692439620000082e-04
6.345972360579999795e-05
-1.241422025489999923e-03
-1.361783128230000060e-03
-1.144939218649999998e-03
-9.319771925220000355e-05
6.858643027950000158e-04
2.134375739840000015e-03
7.954842294570000066e-04
7.742256275379999931e-04
-4.410362162159999757e-04
-7.053143053779999767e-05
-1.896159839819999910e-03
-8.333778823730000245e-04
-6.620387430300000422e-04
9.868354536590000486e-04
4.351129173300000239e-04
9.227388072760000495e-04
2.802010567389999962e-04
1.468976843170000058e-03
-4.694281669800000095e-04
-8.769911946729999760e-04
-2.553484169770000103e-03
6.159321637820000311e-04
3.312878252470000096e-04
2.060627331960000058e-03
-6.488249055110000517e-04
5.277042509989999467e-04
-1.128957839680000104e-03
1.869408995840000009e-03
-1.510911155489999980e-03
1.072983257469999974e-03
-1.617418136449999978e-03
2.223382936790000049e-03
-1.551312510859999922e-03
1.669925870370000086e-03
-2.753025852140000146e-03
2.611441072079999891e-03
-1.407406176439999915e-03
3.023752477020000100e-03
-3.152402583510000196e-03
2.788309007880000138e-03
-1.817201264200000044e-03
4.074117634449999845e-03
-3.971054684369999810e-03
1.899647875690000081e-03
-4.254941362890000099e-03
3.608061233539999919e-03
-3.638362046330000186e-03
3.138797590509999867e-03
-3.626089077440000034e-03
5.374109838159999916e-03
-3.028448671100000215e-03
5.150409415359999757e-03
-5.505980458110000184e-03
3.659705165769999800e-03
-5.015380214900000411e-03
5.429564975200000185e-03
-4.983009304850000327e-03
4.887036979199999714e-03
-4.965185653419999963e-03
6.906596012410000200e-03
-4.212074913080000177e-03
5.416199564930000362e-03
-6.991269998249999632e-03
4.689850378780000169e-03
-5.240849684919999737e-03
6.036213133479999965e-03
-7.223186083139999589e-03
5.880688782779999908e-03
-4.608986433600000335e-03
7.424981798979999985e-03
-5.834065843369999962e-03
5.888981744650000245e-03
-6.324677262459999817e-03
6.919250823559999763e-03
-6.191427819429999764e-03
5.518527235839999941e-03
-7.347819395360000172e-03
5.723183043299999613e-03
-5.709973163899999607e-03
7.090937811880000143e-03
-5.870903376489999999e-03
6.441018544140000163e-03
-5.729169584810000007e-03
7.166403811419999777e-03
-5.554739851500000228e-03
5.446555558590000269e-03
-7.821186445650000346e-03
5.556607153269999856e-03
-5.728915333750000081e-03
7.145165931430000165e-03
-5.489801988010000085e-03
6.450369488450000133e-03
-5.867325700819999747e-03
5.667639430610000272e-03
-5.699258297680000022e-03
5.043079610910000329e-03
-6.321268621830000364e-03
4.329073708500000110e-03
-3.474114695560000157e-03
6.009813863779999918e-03
-3.673853818330000045e-03
3.057488240300000083e-03
-3.982449416070000386e-03
3.585853148249999907e-03
-2.621511695910000179e-03
2.516117179770000108e-03
-2.881026593969999994e-03
2.356590237469999814e-03
-1.527889864520000016e-03
2.557791303839999832e-03
-2.036335412410000042e-03
9.918941650540000904e-04
-2.679276978600000046e-03
1.832484384070000088e-03
-5.123813753019999936e-04
2.056383062150000159e-03
-1.574753550809999958e-03
1.240175333810000086e-03
-8.659180020910000339e-04
9.750230237840000437e-04
-1.602439442649999978e-03
3.882607416019999831e-05
-6.444609025489999666e-04
1.413053250869999956e-03
4.596838552970000094e-04
1.299357973039999981e-04
-6.676846533080000234e-04
1.530018635090000026e-04
5.483224522319999619e-04
-2.068528992820000128e-04
-8.214112604039999852e-04
-1.684074406509999955e-03
7.567706634290000296e-04
7.752788369540000420e-04
1.425431342799999982e-03
-1.783917075950000077e-03
2.556463296059999896e-04
-6.381049170160000422e-04
1.823211903679999900e-03
-5.090472986919999466e-04
6.037383573129999738e-04
-2.876060316339999930e-03
8.680851897220000397e-04
-5.720466142519999497e-04
1.605296158230000046e-03
-1.231926609760000029e-03
1.687596202829999949e-03
-2.146607585019999866e-04
2.770895604040000092e-03
-1.793517847549999916e-03
-1.343032927250000061e-04
-2.624111017210000070e-03
1.321973861199999926e-03
-9.720645030029999517e-04
2.092077862469999845e-03
-1.574831549080000061e-03
2.412165980789999966e-03
-7.148777367550000457e-04
2.438974101099999903e-03
-2.105765743180000073e-03
3.013027308039999803e-04
-2.865198068320000055e-03
1.976088853550000187e-03
-1.234730822029999914e-03
2.061663893979999874e-03
-1.948715420440000042e-03
2.129484899340000105e-03
-1.964186551050000045e-03
2.952279523020000067e-03
-1.905232551509999971e-03
2.055426593870000006e-03
-3.681893460450000061e-03
1.925698597919999963e-03
-2.687789499760000200e-03
3.621105104679999808e-03
-1.664893119600000014e-03
2.985184779390000123e-03
-3.090623067690000114e-03
3.860852913929999942e-03
-2.614451106640000057e-03
2.337128855289999797e-03
-4.781943745909999870e-03
2.001469489189999784e-03
-2.527441596610000181e-03
4.662238527090000091e-03
-3.297290764749999901e-03
2.016464248299999849e-03
-4.195205401629999685e-03
4.011584445829999984e-03
-2.476585563269999984e-03
3.381846239789999906e-03
-4.086301662029999913e-03
2.823809627440000171e-03
-2.861870452759999930e-03
4.354508128019999973e-03
-3.676611930130000132e-03
2.220471156759999849e-03
-4.218899179250000173e-03
3.994045313450000217e-03
-2.611835487189999999e-03
2.505100565029999907e-03
-4.462194629010000392e-03
3.417722648010000034e-03
-1.094991457649999948e-03
3.768333699549999971e-03
-4.215477034449999737e-03
4.622775304600000145e-04
-2.823829883710000065e-03
4.106177017090000339e-03
-7.452251738870000353e-04
1.538206823169999907e-03
-4.042459186170000406e-03
1.470745773989999994e-03
-5.909314495509999932e-04
2.428844338279999814e-03
-2.834195969629999846e-03
9.991161641660000012e-05
-1.623842050320000027e-03
2.375772921370000214e-03
-7.153805345299999591e-04
2.258706663270000094e-04
-2.522081835200000108e-03
1.227587577889999995e-03
6.132653797980000066e-04
1.652692328210000070e-03
-1.284291502089999907e-03
-2.184996847059999972e-04
-8.701598853800000160e-04
9.281329112130000435e-04
2.780320937750000235e-04
-5.880040116610000091e-04
-1.022344105879999980e-03
7.155257044360000419e-04
7.649791659790000165e-04
2.893721975849999906e-04
-3.381030110180000144e-04
-8.988838526420000336e-04
-3.994074359070000097e-04
4.157780203970000096e-04
7.850553956810000069e-04
-4.274022940079999782e-04
-7.495759200540000463e-05
-2.521760761740000022e-04
3.451865050009999864e-04
-8.058502862699999647e-05
2.068462781609999891e-04
-1.096786349079999917e-03
4.398579767440000121e-04
5.099582485850000495e-04
5.990013014529999794e-04
-5.968359764670000183e-04
1.440888881919999897e-04
-9.097853326240000439e-04
6.437725969589999479e-04
-1.143708213929999943e-04
1.272594963670000019e-04
-8.057324448600000502e-04
7.833985146139999965e-04
-1.300027361139999890e-04
7.396577275359999875e-04
-1.095919171350000047e-03
2.051409392149999942e-04
-4.546729032879999943e-04
1.662191236389999952e-03
-3.633103624450000004e-04
-4.924238310199999637e-04
-1.586193917319999973e-03
6.898158462720000491e-04
-7.406930308210000231e-06
8.499906980430000421e-04
-9.693787433210000358e-04
7.613503839819999982e-04
-7.635583460800000357e-05
1.173722557720000047e-03
-1.194106880580000094e-03
-3.503027255649999896e-04
-1.112800557169999968e-03
1.172365504319999906e-03
-2.711805791480000063e-05
5.584355676549999665e-04
-3.569986438379999763e-04
3.969158569819999753e-04
1.010220057650000016e-05
6.329594762059999758e-04
-8.611229131930000320e-04
-1.038971939119999943e-03
-8.297709282489999826e-04
2.463140990590000166e-04
1.537753967570000026e-03
6.256931228559999784e-04
-4.579260712490000195e-04
-6.672624731439999544e-04
8.906483417379999464e-04
-1.327229838350000072e-04
2.816373671519999857e-05
-2.076020464299999958e-03
5.256962613200000115e-04
5.891742766830000049e-04
2.183330245319999811e-03
-1.277969102379999987e-03
-3.474669356359999886e-04
-1.633046194910000009e-03
1.643800409510000077e-03
-6.907381466590000341e-04
4.066866822540000015e-04
-2.389086410399999909e-03
1.489263377150000034e-03
1.007200844469999956e-04
2.514169085770000169e-03
-2.078540390360000215e-03
3.083310439249999893e-04
-2.006170805539999984e-03
1.946871634570000037e-03
-1.418326864949999997e-03
1.153256045649999912e-03
-2.072106581180000167e-03
2.342448569830000039e-03
-4.312322998890000063e-04
2.394179580729999864e-03
-2.656331518659999988e-03
6.773132481610000212e-04
-2.285532187670000041e-03
2.573624951759999856e-03
-2.201678464190000122e-03
2.009288407859999813e-03
-2.346366178239999919e-03
3.092818660660000014e-03
-1.445790170690000077e-03
2.778982510789999860e-03
-3.681676462290000163e-03
1.293635810730000071e-03
-3.297003218899999862e-03
3.570211585609999946e-03
-1.829956774600000015e-03
2.834342187269999966e-03
-3.259553574029999852e-03
3.173799021169999932e-03
-2.250385005030000000e-03
2.947493223470000132e-03
-3.836998948830000131e-03
2.311156829820000015e-03
-2.773194806649999927e-03
4.034138284619999924e-03
-2.852160949259999884e-03
2.548221731559999897e-03
-3.558870172129999926e-03
3.461283864450000192e-03
-2.598654944450000132e-03
3.118149703370000012e-03
-3.629912389440000109e-03
2.636941149829999820e-03
-2.563393674790000101e-03
2.879697363819999807e-03
-3.279429161919999915e-03
2.067474415529999866e-03
-3.047614125530000162e-03
3.370241960510000044e-03
-1.911390107129999974e-03
2.418356481940000038e-03
-3.546358784660000058e-03
2.461100928490000082e-03
-1.768186106349999920e-03
3.159988671540000117e-03
-2.888162387529999951e-03
1.896606059739999956e-03
-3.060379065570000175e-03
3.278975375000000182e-03
-2.450013766069999988e-03
2.265992108729999923e-03
-3.034377237780000111e-03
3.226791508500000041e-03
-1.960626803340000026e-03
2.792812185359999904e-03
-3.529541427269999952e-03
1.777748693710000036e-03
-2.884302288289999992e-03
2.394107170400000019e-03
-2.455322537570000033e-03
2.442317316310000166e-03
-1.468646223659999910e-03
2.638465957720000088e-03
-1.627277117220000090e-03
1.292709028350000041e-03
-2.279173349960000004e-03
5.459139356389999548e-04
-1.836555078629999995e-03
1.017625327220000094e-03
-5.287879030220000217e-04
1.139186671940000100e-03
-6.461172015410000151e-04
8.813141030259999615e-04
2.896705991589999850e-04
6.749563181069999362e-05
-9.897883282969999544e-04
-4.920226056130000154e-04
4.283139132890000263e-04
5.478969542309999625e-04
5.704386276189999999e-04
-7.765786140229999704e-04
6.586667732339999666e-04
-2.061045051960000006e-05
1.090980134900000099e-03
-1.280825119470000058e-03
2.505978500269999861e-07
-1.419436652210000031e-03
1.536302035669999963e-03
-6.741059478370000062e-04
1.801079721189999998e-03
-1.084386953150000017e-03
1.503355102609999980e-03
-1.860917196609999892e-03
1.512308022939999911e-03
-1.972393831239999812e-03
2.131275134160000133e-03
-1.871177693830000091e-03
2.741639269520000210e-03
-1.920780865479999920e-03
2.043093554680000014e-03
-3.097290406000000051e-03
2.376078162340000167e-03
-2.253864426169999852e-03
2.585492795330000208e-03
-2.655113814399999873e-03
2.510965568940000132e-03
-2.661715261639999858e-03
2.855477388950000174e-03
-2.518034540120000098e-03
2.861702581869999922e-03
-2.286283066500000016e-03
2.907705493269999945e-03
-2.558714943010000076e-03
2.084000734609999916e-03
-3.144157584759999825e-03
2.223306568340000042e-03
-2.740838797760000202e-03
2.499056980010000168e-03
-2.356564858929999836e-03
2.733383327719999829e-03
-2.177627058699999844e-03
3.006843850020000063e-03
-3.081991802900000028e-03
2.301080618050000120e-03
-3.187222406269999819e-03
2.556097228079999995e-03
-2.752929460260000131e-03
3.025092184540000093e-03
-2.732078544800000015e-03
3.148217685520000170e-03
-2.843234455209999942e-03
2.707529580219999836e-03
-3.009980544450000049e-03
2.563411835579999971e-03
-3.258883021770000044e-03
2.838476095349999964e-03
-2.585035283119999951e-03
2.945257117969999824e-03
-2.811529906469999868e-03
2.854742575439999860e-03
-2.820239169520000026e-03
2.678779652340000216e-03
-3.436621511359999864e-03
2.194481203329999835e-03
-2.797047840429999887e-03
3.320470452310000063e-03
-2.292904537170000010e-03
2.383406274020000073e-03
-3.087210236119999809e-03
2.209134632719999842e-03
-2.062925603239999794e-03
2.356712240730000126e-03
-2.285630907860000151e-03
1.865070313219999989e-03
-1.766563742419999901e-03
2.044499153269999960e-03
-1.928440877240000057e-03
1.281338394620000010e-03
-1.984528498719999919e-03
1.954556442799999880e-03
-1.294102636170000025e-03
1.601564814339999929e-03
-1.670712488699999934e-03
1.613666769120000039e-03
-1.254549832079999939e-03
9.432850056330000128e-04
-1.439357525669999983e-03
1.194700831550000010e-03
-5.999378627169999834e-04
1.103676157070000068e-03
-7.834315183570000245e-04
9.385216399099999838e-04
-4.309642245059999884e-04
3.415497194509999881e-04
-6.187122198750000376e-04
2.136203547709999897e-04
-1.935505279110000048e-04
2.841449459079999941e-04
5.628516082649999549e-04
1.812199770939999896e-04
-3.991977064290000069e-05
-3.865131584459999769e-04
-2.148387102350000086e-05
-3.659422509369999804e-04
6.624342058789999856e-04
-3.635639732239999942e-04
1.235585892570000097e-03
-3.203849773849999747e-04
1.029850333000000093e-03
-1.126365270469999961e-03
6.756632355969999833e-04
-1.760361134069999894e-03
1.082903705539999982e-03
-1.116599887610000060e-03
2.010585274549999985e-03
-1.210583257489999910e-03
1.688768155870000063e-03
-1.490069902499999979e-03
1.957505708560000179e-03
-2.347632311280000144e-03
1.230501919049999896e-03
-2.293598139660000135e-03
2.097316086289999996e-03
-1.631649560299999963e-03
2.707081846890000039e-03
-2.065881621090000057e-03
2.263766014949999961e-03
-2.422276884320000157e-03
2.414494054389999984e-03
-2.595351310449999990e-03
2.645446453239999867e-03
-2.366174710910000107e-03
2.834017854180000042e-03
-2.702396363020000049e-03
2.315412508320000007e-03
-3.330812323839999790e-03
2.534407423809999921e-03
-2.724630990999999964e-03
3.067775629460000198e-03
-3.053158288819999861e-03
2.889941213650000073e-03
-2.804458374159999982e-03
2.785484539340000142e-03
-2.804365707559999810e-03
2.922076964749999953e-03
-2.653610892589999999e-03
3.238689852880000022e-03
-3.252066206190000041e-03
2.722754143179999947e-03
-3.195051802319999901e-03
3.440142609180000047e-03
-3.007302759220000128e-03
3.412023419509999794e-03
-3.207258181649999887e-03
3.169374074790000124e-03
-3.844087244940000078e-03
2.413639565929999887e-03
-3.325214609499999897e-03
3.899146337060000172e-03
-2.269331831489999982e-03
3.432343481109999955e-03
-2.625524997709999860e-03
2.915131393820000107e-03
-3.140792250630000150e-03
1.930028316560000083e-03
-3.555333940309999934e-03
2.699990989639999926e-03
-2.077667741100000000e-03
2.901701722289999966e-03
-2.064029918979999947e-03
2.663385588680000030e-03
-2.151255263019999798e-03
2.422503894190000152e-03
-2.181535121049999956e-03
1.671784324569999943e-03
-2.409730805080000180e-03
1.812988659369999976e-03
-1.326718484049999904e-03
2.144347643480000194e-03
-1.557147363200000068e-03
1.569699146779999967e-03
-1.256056013519999976e-03
1.853700028729999942e-03
-1.903706113810000071e-03
4.102930251969999736e-04
-2.185395453129999801e-03
1.322392141450000076e-03
-4.686407919509999898e-04
2.015137579289999828e-03
-6.456163246180000219e-04
8.643129258419999638e-04
-8.700373582539999706e-04
8.775210008029999493e-04
-1.181788626130000084e-03
6.676573684670000428e-05
-7.494100718759999936e-04
9.063218603840000193e-04
3.994431463070000207e-04
9.908289648590000095e-04
-5.360186332839999776e-04
-1.160077299569999991e-04
-4.604022542479999872e-04
1.432541757820000069e-04
-7.437007297990000387e-05
1.086271295210000063e-04
3.395277017260000109e-04
3.316268848720000132e-04
2.595577388999999917e-04
-3.744999703490000244e-04
4.894287849310000163e-05
-5.229835514909999790e-04
6.431189249270000390e-04
-4.105853440709999764e-04
5.642590112979999767e-04
-3.855622780970000105e-04
9.371422929690000460e-04
-5.832778406330000514e-04
7.379704620690000433e-04
-8.304223301820000533e-04
6.173153524290000537e-04
-6.022986490279999897e-04
9.624675149099999995e-04
-5.922138807360000437e-04
5.156783154229999935e-04
-1.304435892960000053e-03
8.676082943570000020e-04
-8.038060041139999477e-04
8.477475494149999723e-04
-1.251708134079999955e-03
9.912302484739999014e-04
-4.590391763490000261e-04
1.726867863909999946e-03
-1.049372833219999962e-03
9.162314818239999589e-04
-1.689469791020000019e-03
6.705886917189999609e-04
-1.515095820649999935e-03
1.363015617239999970e-03
-1.208712696099999932e-03
1.391861471349999926e-03
-8.867101860230000359e-04
1.812524045819999957e-03
-1.292821136299999920e-03
1.162663800640000022e-03
-1.860040822070000051e-03
1.056546694599999918e-03
-1.228808192540000073e-03
1.398246968170000024e-03
-1.330574741590000078e-03
1.772340736349999925e-03
-6.050600786689999547e-04
1.836749957870000049e-03
-1.546653336849999980e-03
5.094166845080000351e-04
-2.361658727750000006e-03
1.091138459739999936e-03
-1.742417458439999949e-03
1.157168415380000013e-03
-9.082740289159999501e-04
2.109688473869999852e-03
-3.900603624059999740e-04
1.446509268130000093e-03
-1.967747462909999988e-03
5.119882407600000488e-04
-1.325991121119999986e-03
1.457008183930000008e-03
-1.049175742079999944e-03
9.599683107809999557e-04
-7.448887918139999748e-04
1.703718677160000064e-03
-6.389991613099999836e-04
6.796232773919999625e-04
-1.982916612180000201e-03
-7.728541095280000428e-05
-7.315801340160000242e-04
1.488104462619999893e-03
-2.590384974609999738e-04
9.385037119499999676e-04
-3.615845635069999862e-04
1.152124837970000060e-03
-1.233384973599999904e-04
3.334790380899999685e-05
-1.583917648529999892e-03
-3.847639891319999824e-04
-1.303724857279999947e-04
1.325679942970000007e-03
-1.222253285960000018e-05
1.654660009080000116e-04
-2.229085366709999993e-04
2.859053201970000258e-04
-5.593943060380000137e-04
-3.631390572990000247e-04
-4.798382578880000266e-04
4.346500209070000022e-04
5.558741395359999803e-04
4.590733442459999790e-04
-5.028194209439999784e-05
-3.922298492400000202e-05
1.288023631789999939e-04
-2.066133311020000064e-04
-3.249269793739999884e-04
-6.883324822410000036e-04
3.796516684820000075e-04
4.135542840230000024e-04
8.224400808099999877e-04
-6.376606179400000221e-04
4.612601060219999581e-06
-5.229902453720000404e-04
6.506986683230000330e-04
-6.808996549809999931e-04
5.539437779589999946e-07
-9.171136771329999526e-04
7.358785951510000197e-04
8.856535714590000198e-05
1.059295726009999977e-03
-4.953449242749999532e-04
7.006299565549999530e-04
-7.380559691229999966e-04
6.248325225899999981e-04
-1.095853396690000007e-03
5.124381277709999863e-04
-7.471405551770000540e-04
1.091868034560000006e-03
-5.912389606239999490e-04
8.601939189249999855e-04
-9.891830850389999631e-04
1.005429076029999962e-03
-1.068330486310000013e-03
5.479062092489999855e-04
-1.337405177759999923e-03
1.120184431779999972e-03
-7.684595184400000055e-04
1.461579813619999892e-03
-1.128034666180000034e-03
1.012748456560000039e-03
-8.497660746799999857e-04
1.574483467270000039e-03
-1.148625276980000040e-03
4.952762392349999805e-04
-1.998385880140000036e-03
1.092973398039999954e-03
-1.010618405419999892e-03
1.490781549360000032e-03
-1.356826280240000038e-03
1.076690154149999995e-03
-1.060342881830000005e-03
1.517090830020000015e-03
-9.602257050569999687e-04
8.358979248440000448e-04
-1.474023680199999927e-03
9.205489768650000062e-04
-5.719833425249999832e-04
1.145392889160000037e-03
-1.066416967660000024e-03
7.267739856620000468e-04
-9.740272071209999608e-04
6.459867581730000538e-04
-6.456864066420000452e-04
7.005087682050000148e-04
-5.730202537959999893e-04
6.324167479760000503e-04
-4.924771492369999903e-04
6.565383519049999535e-04
-5.084120202810000480e-04
3.242601524109999878e-04
-3.743946435859999843e-04
5.107733304609999919e-04
2.338625781700000132e-04
4.721464647449999733e-04
-2.020154934140000024e-04
-2.082940773110000040e-04
-4.557541396930000067e-04
-5.511991184899999900e-05
1.868445688160000004e-04
8.331245044249999533e-05
1.664672745389999902e-04
-9.152888378589999494e-05
1.768944493959999907e-04
-5.352371372280000528e-04
1.281080913030000054e-04
-4.532750463110000105e-04
5.599822616199999622e-04
-9.787492308530000226e-05
8.709545363670000324e-04
-4.586574796119999731e-04
2.325224049860000110e-04
-7.449814002029999998e-04
5.138445412739999678e-04
-6.643173983319999691e-04
5.443977424870000094e-04
-1.040493254549999975e-03
1.032796571960000083e-03
-3.114251303489999796e-04
7.658152608200000230e-04
-1.347782090309999990e-03
5.685900105159999657e-04
-7.308083004320000244e-04
1.148808165449999915e-03
-6.152983987700000020e-04
8.208741201089999771e-04
-1.103575923480000021e-03
9.277027565990000066e-04
-1.043216790999999897e-03
7.613815832880000333e-04
-9.951594984159998960e-04
8.215793059210000282e-04
-7.424757350240000341e-04
1.142264693039999994e-03
-1.037981011899999969e-03
4.769752849820000002e-04
-1.168210059399999931e-03
1.025492674670000015e-03
-8.320328197440000212e-04
8.271258557220000475e-04
-1.139114494439999892e-03
1.218474586490000001e-03
-6.447890191340000443e-04
1.144294743429999980e-03
-1.171701005660000065e-03
4.342629399619999829e-04
-1.235448988150000078e-03
1.261380966750000028e-03
-9.908331558109999444e-04
8.609608048569999733e-04
-1.527830027040000000e-03
1.027071499269999969e-03
-5.075584631410000195e-04
1.748803420919999973e-03
-1.166338799519999955e-03
8.730064146219999920e-04
-1.147345406930000032e-03
1.388626871629999957e-03
-1.100237597709999987e-03
6.300806417129999970e-04
-1.711738645100000086e-03
1.477379002609999908e-03
-7.425562944259999753e-04
1.588748767969999946e-03
-1.295667840170000107e-03
9.012170485219999500e-04
-1.200696569869999942e-03
1.559268101119999899e-03
-1.035614754070000041e-03
8.320089546030000208e-04
-1.706206006930000019e-03
1.172324409710000064e-03
-4.087569250259999996e-04
1.898222952150000094e-03
-1.017773640340000020e-03
7.352185784840000078e-04
-1.020192168650000059e-03
1.214477932080000036e-03
-1.344730844720000039e-03
4.015933081969999866e-04
-1.372656552119999986e-03
1.361155998889999972e-03
-2.626208588480000183e-04
1.355338259599999902e-03
-9.227821137760000439e-04
7.229457260110000276e-04
-7.328577921730000016e-04
9.214397869069999815e-04
-1.165300840509999897e-03
1.913716114359999970e-04
-9.012841037469999494e-04
1.339733833450000057e-03
5.290702029009999716e-05
7.305075996560000170e-04
-7.911500288170000145e-04
3.219739301129999950e-04
-2.130544162359999960e-04
7.034651935100000308e-04
-6.730949971820000084e-04
1.332251713390000017e-06
-3.689217264759999900e-04
4.879002517550000266e-04
1.276027469430000079e-04
6.709760054950000656e-05
-4.396838194219999918e-04
-1.455839228579999985e-04
1.603583950780000037e-04
2.366498520129999917e-04
-1.161505861090000017e-04
-6.081156316209999696e-04
3.147343522870000264e-04
2.702953352129999764e-04
8.191723027269999990e-04
-4.668458132070000231e-04
7.633947097929999590e-05
-7.138188811949999595e-04
6.678269128320000374e-04
-1.926944532899999994e-04
3.843220474659999730e-04
-7.547915447499999823e-04
1.063794479709999954e-04
-4.546370473689999758e-04
1.059917267410000023e-03
-4.960469086650000012e-04
6.959054735489999524e-04
-6.281124078669999460e-04
5.257301963869999472e-04
-6.060992018320000320e-04
8.022873662410000360e-04
-7.206433219839999873e-04
3.175317251589999793e-04
-7.982483366499999690e-04
1.043256837869999945e-03
-4.540705995170000032e-04
6.524429772980000529e-04
-1.166611560619999982e-03
4.784747434309999750e-04
-4.464125086090000032e-04
1.168471761050000066e-03
-4.580413224179999735e-04
1.161883235909999925e-03
-8.057536906560000371e-04
6.953569245520000103e-04
-1.246806932609999903e-03
5.012998008170000330e-04
-1.206128625199999948e-03
7.431617705149999977e-04
-2.683690399859999898e-04
1.646486227400000045e-03
-4.317041602919999819e-04
5.548894405359999652e-04
-1.193970325400000058e-03
6.419511046260000095e-04
-1.047629630190000018e-03
5.438320222309999796e-04
-1.244697836230000080e-03
1.099756336770000035e-03
-4.291924706189999945e-04
1.386647112670000032e-03
-9.784454014150000770e-04
7.430471014230000332e-04
-1.321332994850000055e-03
7.347603677770000357e-04
-1.100882422180000019e-03
8.511983323840000481e-04
-1.012351247479999911e-03
1.089675351980000069e-03
-5.051321350039999917e-04
1.390699646440000069e-03
-9.379671537319999490e-04
6.301846588029999963e-04
-1.305148121899999975e-03
8.675736025909999488e-04
-9.729584562589999866e-04
8.976134122349999469e-04
-1.189390313809999926e-03
9.650606662029999989e-04
-4.927165573460000033e-04
1.016829977739999984e-03
-6.156388553790000020e-04
7.722543086860000428e-04
-8.916195365599999516e-04
9.091309621000000013e-04
-3.814692026939999880e-04
8.517501992169999609e-04
-7.211233605629999762e-04
5.732612917199999755e-04
-7.089595310389999912e-04
8.152787340800000298e-04
-3.255677002019999734e-04
7.085836259650000373e-04
-6.601440836680000325e-04
5.981571157460000097e-04
-3.602257347669999979e-04
4.383750492710000030e-04
-6.091720424590000215e-04
4.878327890760000168e-04
-1.259462442249999951e-04
3.621560172180000089e-04
-1.936143817149999879e-04
2.272832207380000075e-04
-4.039372142869999743e-04
1.705196918919999903e-04
-2.002017718039999995e-04
1.561215758559999882e-04
-1.561304088679999947e-05
1.573868939890000094e-05
-1.286025217269999945e-04
-7.944480603329999425e-05
1.498377241660000018e-04
-1.084591203829999954e-04
4.595527570929999804e-05
2.826130184990000065e-05
4.118637880309999888e-04
1.592414919289999922e-04
2.308913681190000134e-04
-3.840316785499999983e-04
-1.935155305550000050e-04
-3.243592218499999889e-04
9.394137305209999467e-05
7.469808042519999656e-05
3.720586537380000209e-04
-1.378048473270000111e-04
2.525900781620000037e-04
-6.621181819359999625e-05
4.266988544259999903e-04
-4.310629446989999768e-04
4.016702223449999774e-05
-4.559181397779999735e-04
4.203228163530000022e-04
-8.066674490690000103e-05
4.585327696990000048e-04
-5.080534028819999603e-04
4.946681438010000530e-04
-1.202385174110000006e-04
6.460635922850000139e-04
-6.423369050030000279e-04
1.405250077369999925e-04
-7.049001287670000502e-04
3.530145331749999916e-04
-5.031260079699999927e-04
3.500167804300000074e-04
-5.807630368509999899e-04
3.986428782810000067e-04
