 Nom d'utiliateur: comblefa
 Date et heure: 03/04/18 10:40
 Type de mesure : ser
 Nom mesure : vide_hor
 Puissance émission : 0.0

 Mode angulaire : fixe
 Angle fixe : 0
 Angle initial : none
 Angle final : none
 Pas angulaire : none

 Mode en fréquence : balayage
 Fréquence fixe (GHz) : none
 Fréquence minimale (GHz) : 2.5
 Fréquence maximale (GHz) : 17.5
 Nombre de points de mesure : 1601

 Polarisation : HH, HV, VH, VV, 
 Plaque canonique - longueur : none
 Plaque canonique - largeur : none
 Sphère canonique - rayon : none

3.628998100759999734e-01
-3.548849821089999912e-01
3.791695535180000243e-01
-3.829815089699999953e-01
4.110959470269999749e-01
-4.032513797280000145e-01
4.022431373600000026e-01
-4.276080131530000106e-01
4.252431988720000167e-01
-4.416354596609999850e-01
4.285924136640000270e-01
-4.227117598060000092e-01
4.013123214239999736e-01
-4.251864254470000271e-01
3.871295154089999802e-01
-3.858101964000000272e-01
3.673748373990000093e-01
-3.761642575260000232e-01
3.484805226330000005e-01
-3.054288625720000261e-01
2.952026128770000035e-01
-2.889241874219999895e-01
2.764613330360000121e-01
-2.312127649780000016e-01
2.161547988649999974e-01
-2.007229030129999980e-01
1.751277297740000127e-01
-1.283987611530000017e-01
1.078481748699999937e-01
-8.899133652450000320e-02
5.454920977350000144e-02
-4.424405470489999742e-02
1.483315136279999939e-02
1.450904738160000047e-02
-4.872981831429999688e-02
6.267019361259999755e-02
-9.067887067789999478e-02
1.057296395300000025e-01
-1.345147192479999865e-01
1.427512019870000037e-01
-1.605387330059999951e-01
1.656558364630000002e-01
-1.875614523889999885e-01
2.020676434039999914e-01
-2.209167629480000006e-01
2.335885912179999913e-01
-2.284632027150000078e-01
2.430519610640000105e-01
-2.467797696590000034e-01
2.394206821919999950e-01
-2.474603056909999987e-01
2.678906917569999768e-01
-2.704544961450000007e-01
2.451356202359999958e-01
-2.395822703840000123e-01
2.497321367260000036e-01
-2.218059450390000020e-01
2.169435769320000040e-01
-2.307303100820000119e-01
2.179218232629999974e-01
-1.906270831820000011e-01
1.617210209369999985e-01
-1.759111583229999998e-01
1.553109437230000001e-01
-1.301521062850000132e-01
1.224455162880000031e-01
-1.350314021110000096e-01
8.966901153329999430e-02
-7.646934688089999932e-02
6.900990009309999895e-02
-6.135228276250000168e-02
2.371118031440000093e-02
-5.273241084069999786e-03
8.684840984640000705e-03
-9.897654876109999306e-03
-2.530526742339999843e-02
5.431670323010000245e-02
-5.795140564440000308e-02
6.467664241789999879e-02
-8.780388534069999418e-02
9.371226280930000652e-02
-9.271858632559999702e-02
1.001734808090000012e-01
-1.159317046399999940e-01
1.322263479230000038e-01
-1.316167861220000068e-01
1.403847336769999954e-01
-1.467786878350000046e-01
1.503353565930000135e-01
-1.507586389779999869e-01
1.576653718949999894e-01
-1.559169441459999916e-01
1.477396935220000040e-01
-1.585534662009999984e-01
1.545225083829999957e-01
-1.431155800820000101e-01
1.330204904079999861e-01
-1.386549025769999999e-01
1.255989521739999948e-01
-1.144965887069999966e-01
1.161701306699999964e-01
-1.087824776770000001e-01
9.156691282989999625e-02
-8.759510517120000506e-02
7.353549450639999818e-02
-6.936895847320000141e-02
5.340054258699999945e-02
-4.391233623029999755e-02
3.516533970829999883e-02
-1.654783263799999848e-02
1.487633679060000082e-02
4.891680437139999792e-04
-9.419817477460000824e-03
2.262578159570000080e-02
-2.683008462190000082e-02
3.912975266580000222e-02
-4.624100029469999790e-02
5.489277839659999908e-02
-5.197383835910000111e-02
6.560954451559999900e-02
-7.605486363169999819e-02
6.327373534440000613e-02
-6.481453776359999419e-02
7.089386880400000424e-02
-6.976635009050000114e-02
6.091096252199999783e-02
-6.257477402689999579e-02
6.783845275640000561e-02
-6.219830736519999653e-02
5.395729839800000177e-02
-5.360448360439999671e-02
5.731289833779999732e-02
-4.782178625459999888e-02
4.371595755220000074e-02
-4.242223501209999720e-02
4.220001772049999933e-02
-3.972091898320000147e-02
2.755854837600000065e-02
-2.598881535230000012e-02
2.431540936229999866e-02
-2.020037733020000129e-02
8.911820128560000304e-03
-5.384925287219999995e-03
3.684394760059999871e-03
1.424508052879999969e-03
-7.590423803779999812e-03
8.177976123990000554e-03
-1.465806737539999960e-02
2.415866218509999871e-02
-1.279182173309999920e-02
1.986271329220000090e-02
-2.828467823569999831e-02
2.176987566049999948e-02
-2.161121927199999987e-02
1.741110719740000118e-02
-2.690298482780000000e-02
1.987171918149999855e-02
-8.009633049369999785e-03
1.514629367740000059e-02
-6.124747917059999817e-03
-1.049319631419999999e-03
7.982787676159999388e-03
-1.539368182419999925e-02
2.027383074159999979e-02
-2.866174466910000052e-02
3.645957633849999935e-02
-4.670217260719999874e-02
6.077804043889999813e-02
-6.998158991340000523e-02
7.426092028620000229e-02
-8.843037486080000675e-02
1.000268012289999980e-01
-1.083929017189999983e-01
1.185779571529999993e-01
-1.312655359509999897e-01
1.425370872020000068e-01
-1.487516760829999951e-01
1.536110639569999992e-01
-1.626095473770000077e-01
1.637436598539999955e-01
-1.736707985400000043e-01
1.732790470120000037e-01
-1.811524927619999892e-01
1.823942661290000045e-01
-1.856307983399999861e-01
1.791561245920000045e-01
-1.818987578150000062e-01
1.736852079629999934e-01
-1.764675974849999884e-01
1.653703302149999999e-01
-1.648750901219999954e-01
1.535971164699999891e-01
-1.514752805229999943e-01
1.443221718069999937e-01
-1.292329579589999999e-01
1.146676838400000065e-01
-1.103871837259999961e-01
1.004506647589999968e-01
-9.243596345189999952e-02
7.748916000130000314e-02
-6.419158726929999337e-02
5.953186750410000005e-02
-3.902775421739999862e-02
3.090434521440000096e-02
-1.177950110290000053e-02
5.355801433319999985e-03
1.058795582500000020e-02
-2.500196173790000115e-02
3.393021970989999747e-02
-5.151128768919999851e-02
5.643001198770000032e-02
-7.828012853860000231e-02
9.038942307229999584e-02
-9.486341476439999476e-02
1.180315539239999989e-01
-1.224446892739999987e-01
1.342740207910000094e-01
-1.366124153140000075e-01
1.421262770889999971e-01
-1.590158343320000056e-01
1.645671427250000041e-01
-1.540226936340000075e-01
1.718596071000000058e-01
-1.745143085720000098e-01
1.606553494930000048e-01
-1.687294691800000079e-01
1.613515913490000120e-01
-1.735937446359999969e-01
1.581442654130000014e-01
-1.366505026819999913e-01
1.471107751129999974e-01
-1.379017382859999974e-01
1.174278184769999983e-01
-1.097858771680000067e-01
1.051556020979999978e-01
-9.408921748399999563e-02
7.287409901619999741e-02
-6.773889064789999359e-02
4.944509267810000275e-02
-3.910578042269999971e-02
2.180927060539999962e-02
-3.734320169309999788e-03
-6.906948983670000049e-03
2.558780647810000169e-02
-4.313437640670000212e-02
5.889823287729999829e-02
-7.617728412150000239e-02
9.424376487730000418e-02
-1.118894293900000031e-01
1.225221827630000038e-01
-1.385188549759999999e-01
1.498082876210000136e-01
-1.570642739529999887e-01
1.817988455300000028e-01
-1.827279627320000099e-01
1.954217851160000019e-01
-2.034682631489999893e-01
2.137944102290000037e-01
-2.096112966539999956e-01
2.373520433899999893e-01
-2.204028666020000082e-01
2.321393489839999880e-01
-2.375258952379999955e-01
2.391691505909999960e-01
-2.230704724789999982e-01
2.361380755899999961e-01
-2.303463518620000039e-01
2.233492583039999868e-01
-2.178737521169999969e-01
2.159152030940000022e-01
-2.007830888029999983e-01
2.007235288620000113e-01
-1.864942610260000022e-01
1.773517876859999898e-01
-1.656398922200000012e-01
1.651445031169999911e-01
-1.416115760799999956e-01
1.332825273280000000e-01
-1.172119900579999957e-01
1.115398034450000020e-01
-9.789674729109999751e-02
8.389355242250000344e-02
-6.713195890190000459e-02
5.487618967889999755e-02
-4.664263501759999958e-02
2.991446852679999907e-02
-2.270248346029999850e-02
8.903819136320000743e-03
-1.806194311939999988e-03
-2.236252464350000149e-02
1.841850578780000053e-02
-3.410525619980000339e-02
4.074336588380000207e-02
-5.298139899970000233e-02
5.710701271890000069e-02
-7.000885903839999813e-02
6.787313520910000231e-02
-7.761807739730000599e-02
8.425279706719999984e-02
-8.137276023629999577e-02
9.350962936880000131e-02
-8.920708298679999593e-02
9.444898366930000455e-02
-9.707842022179999364e-02
9.221398085359999719e-02
-9.436049312350000551e-02
9.512532502409999646e-02
-9.053687751290000196e-02
9.336672723290000142e-02
-9.060174971819999479e-02
8.818610757589999405e-02
-8.348926901820000190e-02
7.512127608059999961e-02
-7.467526942490000652e-02
6.755088269709999538e-02
-5.900345370170000103e-02
6.072289496660000091e-02
-4.884226992730000133e-02
4.643809795380000188e-02
-3.468531742690000169e-02
3.143346309660000060e-02
-2.849556878210000171e-02
2.009189501400000105e-02
-1.527329720560000048e-02
1.062642224130000076e-02
-9.028787608260000451e-04
1.326771016469999978e-04
4.638724494730000342e-03
-8.941605687139999453e-03
9.846467524769999397e-03
-2.228465490039999858e-02
2.123418822880000084e-02
-2.170291729269999831e-02
2.513297647239999891e-02
-2.536741644140000015e-02
2.661926671860000149e-02
-3.126440942289999969e-02
2.975954674180000120e-02
-2.927015535530000032e-02
2.622196637090000101e-02
-2.488497644659999966e-02
2.360400743780000088e-02
-2.390754781660000064e-02
1.990040391680000104e-02
-2.184583432970000141e-02
1.352226454759999918e-02
-9.034987539050000349e-03
1.067021675409999919e-02
-6.279435474430000372e-03
4.241993185130000198e-03
2.480386523529999956e-03
-2.197065623480000049e-03
4.875656217340000077e-03
-1.096962299199999956e-02
1.073643099520000047e-02
-1.112078502769999963e-02
1.518318708989999967e-02
-2.157452143730000105e-02
2.099398151039999841e-02
-1.698708720510000089e-02
2.145261317489999958e-02
-2.133050188419999965e-02
1.915151812140000048e-02
-1.881642453369999912e-02
2.461743354800000061e-02
-1.957189105449999925e-02
1.479609403760000046e-02
-1.423152070490000046e-02
1.452180743219999917e-02
-1.051869057119999944e-02
3.094407264140000210e-03
-6.398603320120000056e-03
3.854075912390000132e-03
5.294289439920000367e-03
-8.186437189580000537e-03
9.383711963890000243e-03
-1.936979033050000021e-02
2.214826457200000029e-02
-2.196820080280000032e-02
2.799215354030000144e-02
-3.565963730220000211e-02
3.662203624839999866e-02
-3.909263014790000101e-02
4.294307902459999771e-02
-4.713429138059999773e-02
5.359370261429999976e-02
-4.783174768089999696e-02
6.046582385899999801e-02
-6.005773693319999690e-02
5.070059373969999783e-02
-5.825768038629999812e-02
6.083193793890000201e-02
-5.991576239469999926e-02
5.975105240939999895e-02
-5.776122957470000013e-02
5.992940813300000336e-02
-4.987038299439999767e-02
4.759710654620000203e-02
-5.297106131910000321e-02
4.530905932189999846e-02
-3.605185821649999761e-02
3.756665438409999974e-02
-3.106245025989999922e-02
2.398047037420000110e-02
-1.266038231550000066e-02
1.356913987549999978e-02
-8.004304021599999847e-03
-5.620250012729999592e-03
7.266258820890000338e-03
-1.699064299459999983e-02
2.315846644339999982e-02
-3.332117572430000341e-02
3.607534617190000237e-02
-4.465811699629999854e-02
5.248832330110000249e-02
-6.308817863460000619e-02
6.028866395350000046e-02
-7.740599662069999609e-02
7.713744044299999936e-02
-8.295077830550000308e-02
9.147334843870000287e-02
-9.707807004450000332e-02
9.872721135619999533e-02
-1.062781810759999973e-01
1.076928675169999960e-01
-1.157549247149999988e-01
1.136480197309999995e-01
-1.175501570109999949e-01
1.235049143429999968e-01
-1.234705746170000062e-01
1.228414326909999937e-01
-1.239401623610000003e-01
1.228149011729999934e-01
-1.212180107829999992e-01
1.217992305760000060e-01
-1.174944862720000011e-01
1.150093823669999932e-01
-1.096877008680000043e-01
1.049656420950000058e-01
-1.001129299399999978e-01
9.309148788450000156e-02
-8.789996057750000535e-02
7.704918831590000516e-02
-7.394290715460000163e-02
6.673209369179999850e-02
-5.705394595859999973e-02
5.004110932349999791e-02
-4.178800806400000123e-02
3.680777922270000307e-02
-2.382174879309999910e-02
1.971512474120000122e-02
-1.077765505759999999e-02
2.805304015059999906e-03
8.183602243660000053e-03
-1.166801154609999926e-02
1.681795902549999833e-02
-2.712604030969999885e-02
3.548226132989999726e-02
-3.586730360979999838e-02
4.074665158989999869e-02
-5.258656293149999855e-02
5.210706591610000243e-02
-5.373081192370000175e-02
5.871953070159999927e-02
-6.369836628439999593e-02
6.419725716110000202e-02
-6.277862936259999416e-02
6.658215075729999322e-02
-6.841956079010000358e-02
6.102499365809999771e-02
-6.923209130759999663e-02
6.443224847320000448e-02
-6.216874346140000007e-02
6.011497601870000040e-02
-5.832175165410000139e-02
5.493496358390000112e-02
-4.928223416210000124e-02
4.572419822220000207e-02
-4.363067075609999845e-02
3.628560900689999785e-02
-2.879055216909999840e-02
2.978934161370000097e-02
-2.083401754499999980e-02
1.286538504060000081e-02
-9.626331739130000384e-03
5.801272578540000308e-03
2.312135882680000157e-03
-8.571623824539999215e-03
1.538906991479999965e-02
-1.562859863040000005e-02
2.608038112519999938e-02
-2.708127722139999985e-02
3.157350048419999694e-02
-3.601600602269999785e-02
4.296258091929999745e-02
-4.155295342209999743e-02
4.947681725030000227e-02
-5.147538706660000074e-02
5.622674524779999738e-02
-5.390364676710000108e-02
5.655611306430000096e-02
-6.089777871970000062e-02
6.026758626099999738e-02
-5.948201194410000087e-02
6.129883974789999967e-02
-5.868308618660000170e-02
5.817308276890000018e-02
-5.666678771380000146e-02
5.733002722259999961e-02
-5.551261454820000107e-02
5.022988095880000226e-02
-5.090017989279999738e-02
4.477070271969999654e-02
-4.198491573330000171e-02
3.907871246340000049e-02
-3.331447392700000176e-02
3.315408527850000064e-02
-2.975825779140000085e-02
2.100206725299999869e-02
-2.000303752720000022e-02
1.159179303800000026e-02
-9.891665540640000656e-03
7.007516454910000386e-03
-1.271513319809999983e-04
-1.432031160220000087e-03
5.478940904139999700e-03
-1.223197951909999956e-02
1.201189123090000074e-02
-1.700115390120000153e-02
2.117550745610000118e-02
-1.749558933080000087e-02
2.505720779300000048e-02
-2.516546472910000110e-02
2.402705885469999872e-02
-3.173907846210000105e-02
2.650146558880000017e-02
-2.942175790669999957e-02
3.157279267910000076e-02
-2.314607612790000116e-02
2.925777621569999876e-02
-2.743967808779999851e-02
2.297268062830000110e-02
-2.511775866150000106e-02
1.976484991609999894e-02
-1.855459436769999956e-02
1.799540407959999977e-02
-9.972607716920000448e-03
1.108697988090000079e-02
-1.070344820620000061e-02
3.436308819799999918e-03
-2.329274546359999878e-03
-1.743380445990000025e-03
3.203106112780000018e-03
-8.180728182199999837e-03
1.348081324250000046e-02
-1.116799935700000038e-02
1.634261384610000145e-02
-2.293185889720000120e-02
1.945490017530000088e-02
-2.566904760900000013e-02
2.773268707099999994e-02
-2.818609774110000105e-02
2.989565581080000020e-02
-3.169889375570000140e-02
3.159087523819999882e-02
-3.465480729940000060e-02
3.209691867230000245e-02
-3.544206917289999953e-02
3.460792452099999833e-02
-3.021504729989999902e-02
3.333583474159999838e-02
-3.040134534240000047e-02
2.804962918159999846e-02
-2.808863855900000164e-02
2.469275705520000003e-02
-2.359979040919999924e-02
2.196819335219999877e-02
-1.770605519409999828e-02
1.641665212809999969e-02
-1.315027661619999969e-02
1.031364686789999936e-02
-6.775876972820000024e-03
5.786682013419999944e-03
-8.480669348500000050e-04
-1.560116186740000046e-03
4.873716272410000099e-03
-7.846141234040000106e-03
1.088699605319999944e-02
-1.279916614289999983e-02
1.701374351979999949e-02
-1.863095536829999926e-02
2.033495530489999939e-02
-2.455466985699999993e-02
2.574443630869999861e-02
-2.571761235590000125e-02
2.813184075060000053e-02
-2.999537996950000021e-02
2.929952740669999889e-02
-3.048447147009999969e-02
3.250823542479999717e-02
-2.913524210450000110e-02
2.879006974399999849e-02
-3.016029857099999933e-02
2.682358212769999847e-02
-2.706626616419999937e-02
2.483150921759999866e-02
-2.392933517690000109e-02
2.168042026460000049e-02
-1.672070845960000121e-02
1.670773699879999838e-02
-1.300465222450000041e-02
8.721723221239999213e-03
-6.759775336829999641e-03
2.852556062860000206e-03
4.555080959109999842e-04
-4.190745763479999768e-03
9.050726890559999266e-03
-1.087582204490000065e-02
1.619243808089999848e-02
-1.954293251039999901e-02
2.194955945009999937e-02
-2.665389142930000080e-02
2.916476316749999978e-02
-3.229352459309999673e-02
3.493699803949999738e-02
-3.925463184709999942e-02
4.188519716260000192e-02
-4.250501096249999916e-02
4.376963898539999731e-02
-4.714908823370000251e-02
4.815321788190000257e-02
-4.707449302080000259e-02
4.801116138699999814e-02
-4.848099127410000070e-02
4.707821458579999896e-02
-4.629769176239999923e-02
4.510989040140000322e-02
-4.337326809759999707e-02
4.154487699270000001e-02
-3.796610608699999695e-02
3.688848391180000325e-02
-3.524730727079999903e-02
2.940870821479999939e-02
-2.833086065949999913e-02
2.457782439890000142e-02
-1.936263404790000003e-02
1.777189411219999918e-02
-1.079234201459999994e-02
9.647265076640000256e-03
-5.097525659950000350e-03
-2.522417809810000196e-03
1.724475994709999968e-03
-8.350540883839999498e-03
1.284193899479999998e-02
-1.496399473399999923e-02
1.975898630920000162e-02
-2.164804935460000121e-02
2.604376710950000173e-02
-2.934651821850000133e-02
3.050352074209999875e-02
-3.718870133160000202e-02
3.822243586179999847e-02
-3.945570066569999840e-02
4.350715875629999896e-02
-4.282457381489999937e-02
4.627642408009999958e-02
-4.596631973979999758e-02
4.683661833410000114e-02
-5.108273029330000214e-02
4.655535891649999897e-02
-4.714339226480000061e-02
4.960616305470000320e-02
-4.436314105990000339e-02
4.638156667349999790e-02
-4.322496801609999884e-02
4.046496003870000274e-02
-4.089700803159999898e-02
3.377228230240000156e-02
-3.426695615050000254e-02
3.132137283679999745e-02
-2.486238256099999877e-02
2.481842786070000140e-02
-1.992917805910000145e-02
1.577195525169999835e-02
-1.395557727660000011e-02
7.726931013170000064e-03
-4.718409385530000083e-03
2.053893404080000141e-03
3.017246723180000163e-03
-2.999555319549999845e-03
8.901308290659999678e-03
-1.360786240549999998e-02
1.262692734600000082e-02
-1.768526434900000166e-02
2.011366561060000044e-02
-2.068790048359999897e-02
2.482870034870000159e-02
-2.386796846990000068e-02
2.703788690269999864e-02
-2.823534794150000041e-02
2.734583243729999877e-02
-2.894556336100000127e-02
2.867432497439999922e-02
-2.804657258090000049e-02
2.723858319219999921e-02
-2.577856369319999827e-02
2.545225620269999864e-02
-2.373271621760000144e-02
2.185900136830000104e-02
-1.972158811990000135e-02
1.700309477750000173e-02
-1.528942398730000034e-02
1.238547544929999994e-02
-8.702099323270000644e-03
6.013349629939999767e-03
-2.950518159200000035e-03
-1.098514301699999923e-03
2.751457504929999843e-03
-8.853781968359999630e-03
1.018905453380000020e-02
-1.451126020400000070e-02
1.682710461320000017e-02
-2.130517363550000001e-02
2.502319775520000025e-02
-2.575582079590000087e-02
3.105566836889999890e-02
-3.318512812260000083e-02
3.614868223670000130e-02
-3.861226513979999775e-02
4.058573395009999751e-02
-4.414465278389999997e-02
4.372536763550000094e-02
-4.575683549049999743e-02
4.830973222849999776e-02
-4.761310666799999786e-02
4.827996715900000069e-02
-4.833852127189999792e-02
4.836873710160000117e-02
-4.757123067980000009e-02
4.690088704229999905e-02
-4.496278613810000130e-02
4.502378031609999970e-02
-4.001311212780000320e-02
4.092105478050000328e-02
-3.856231644750000159e-02
3.523879870769999756e-02
-3.274931013579999994e-02
3.152238950129999939e-02
-2.528624422849999956e-02
2.281145937739999935e-02
-2.039005234839999861e-02
1.603716798130000107e-02
-1.410042215139999978e-02
8.195367641750000640e-03
-6.523836869750000191e-03
2.164408331740000097e-03
1.911458093669999919e-03
-6.183846853669999928e-03
5.905624944720000088e-03
-1.248474605380000060e-02
1.379659585649999944e-02
-1.754826866090000020e-02
1.864792965350000123e-02
-2.186599187550000017e-02
2.300269529220000039e-02
-2.627394162119999974e-02
2.569675445560000090e-02
-2.850182913240000004e-02
2.828395366670000133e-02
-3.029127977789999870e-02
3.000173717740000148e-02
-3.167898952960000042e-02
3.113594837490000003e-02
-3.068100847299999948e-02
3.093942813580000117e-02
-3.028425946830000035e-02
2.970387786630000054e-02
-2.798578143120000056e-02
2.726022899150000109e-02
-2.623579092320000097e-02
2.288990095260000010e-02
-2.218101918699999855e-02
2.072869427500000084e-02
-1.757856458429999866e-02
1.603540405629999901e-02
-1.364755537360000034e-02
1.140274293720000033e-02
-9.260530583560000126e-03
7.008114829659999739e-03
-4.121445585039999575e-03
2.775186905639999858e-03
7.699670968580000097e-04
-6.586771924050000091e-04
4.425234161320000005e-03
-6.330949720000000371e-03
7.777631748469999648e-03
-9.819600731129999802e-03
1.131530851130000022e-02
-1.173820346590000001e-02
1.370106451210000020e-02
-1.515722740440000015e-02
1.535503380000000084e-02
-1.623810082669999849e-02
1.694268174470000068e-02
-1.720077916979999982e-02
1.688526198269999987e-02
-1.752415485679999912e-02
1.690213941039999876e-02
-1.686935499310000114e-02
1.512994710359999960e-02
-1.642655394969999919e-02
1.419125217939999975e-02
-1.307521108539999935e-02
1.351533550769999995e-02
-9.939850308000000578e-03
9.971781633790000390e-03
-7.992514409119999205e-03
6.579343229529999691e-03
-6.089070346210000151e-03
2.796541899439999954e-03
-3.221467370170000115e-03
5.186531343499999796e-04
7.813849952070000193e-04
-2.035486279059999914e-03
3.954455256459999887e-03
-3.997645340860000139e-03
6.477326620370000426e-03
-7.037121336910000247e-03
8.878683671360000640e-03
-9.132576175030000798e-03
8.961386978629999958e-03
-1.221720688050000059e-02
1.140608638529999955e-02
-1.060124486680000082e-02
1.223520468920000041e-02
-1.218013931070000000e-02
1.180275529620000013e-02
-1.079577207570000044e-02
1.121932361269999991e-02
-1.023938227439999925e-02
9.582214988770000261e-03
-8.145470172170000620e-03
7.839922793210000324e-03
-7.319502532479999629e-03
3.875738708299999915e-03
-5.120658781379999920e-03
1.508815330449999985e-03
-1.241540769120000071e-03
-4.999075899830000185e-04
2.499772002920000111e-03
-4.098648205399999835e-03
6.149619352070000156e-03
-7.044909987600000284e-03
9.116577915850000713e-03
-1.189365983010000002e-02
1.077853981409999939e-02
-1.333934534340000012e-02
1.602644100789999901e-02
-1.462655141950000050e-02
1.724742352960000058e-02
-1.926754042510000001e-02
1.866103895009999999e-02
-1.978022791450000095e-02
2.038959786300000021e-02
-2.130232192580000170e-02
2.140314131979999951e-02
-2.004943788049999912e-02
2.169423736629999891e-02
-2.052990533409999874e-02
2.084313519300000014e-02
-2.030247077349999971e-02
1.827285252510000083e-02
-1.825550198550000142e-02
1.725331880149999844e-02
-1.457916013899999974e-02
1.517644245180000025e-02
-1.123661641030000019e-02
1.197256054730000061e-02
-8.655892685060000147e-03
6.515305489299999704e-03
-5.535092670469999969e-03
2.753206063060000160e-03
-1.666834345090000046e-03
-9.069876978169999797e-04
3.527739085259999803e-03
-4.612494260070000227e-03
6.937087047849999771e-03
-9.775358252230000392e-03
1.046070363370000048e-02
-1.269214227799999976e-02
1.504007540640000043e-02
-1.562002860010000029e-02
1.827279850839999900e-02
-1.938357762989999927e-02
1.980197429660000147e-02
-2.220240607859999896e-02
2.118856087330000040e-02
-2.356604672969999856e-02
2.298036590220000133e-02
-2.287732064720000152e-02
2.446091361340000173e-02
-2.294424362479999951e-02
2.316939644520000022e-02
-2.249168604609999914e-02
2.208104357119999861e-02
-2.090304344890000013e-02
1.943090371789999923e-02
-1.854562945659999837e-02
1.677234657110000110e-02
-1.399476639929999981e-02
1.413555536419999932e-02
-1.045676507059999961e-02
8.276966400440000787e-03
-5.386135075240000222e-03
3.571462119000000032e-03
-9.273015311919999499e-04
-3.395788953640000037e-04
4.286107607189999606e-03
-5.946257151659999594e-03
1.026722043750000028e-02
-1.185880880800000044e-02
1.560256164520000023e-02
-1.721350476149999947e-02
2.024411410090000071e-02
-2.237672917540000153e-02
2.584194764489999852e-02
-2.520024776459999991e-02
2.979433164000000120e-02
-3.011064045129999839e-02
3.256784752010000172e-02
-3.392836824059999867e-02
3.382473066450000093e-02
-3.724854439499999947e-02
3.663389012220000240e-02
-3.786681219940000315e-02
3.884639218449999903e-02
-3.823320195080000261e-02
3.853108733889999693e-02
-3.938947245479999804e-02
3.646532073619999925e-02
-3.884486854079999968e-02
3.513728454710000199e-02
-3.677188977600000241e-02
3.474762663250000050e-02
-3.247379139070000198e-02
3.162247315049999952e-02
-3.044137917459999870e-02
2.700136415660000025e-02
-2.748659811910000167e-02
2.292234450579999985e-02
-2.251508645710000034e-02
1.945300027730000048e-02
-1.584430411459999966e-02
1.512120757249999989e-02
-1.197311934080000015e-02
8.865644223990000808e-03
-8.151056244969999420e-03
3.310197498650000163e-03
-3.235089825470000100e-03
-1.266945968379999893e-03
3.648558165879999936e-03
-4.529908299450000411e-03
7.600357290360000226e-03
-9.400443173939999203e-03
1.146439556029999959e-02
-1.339977979660000006e-02
1.347169745709999970e-02
-1.584911346439999910e-02
1.699372939770000049e-02
-1.686576567590000048e-02
1.971280202269999962e-02
-1.857964321970000110e-02
1.925815641880000012e-02
-1.991374231869999858e-02
1.952263899149999857e-02
-1.948910579090000136e-02
1.936264522370000074e-02
-1.711838319900000141e-02
1.806690916419999987e-02
-1.625844277440000041e-02
1.521700248120000029e-02
-1.482223160560000065e-02
1.215993147340000032e-02
-1.208176556970000023e-02
8.829480968419999368e-03
-8.851188234980000152e-03
6.828273646529999831e-03
-4.376012831930000020e-03
3.199755912650000152e-03
-1.305395970119999950e-03
-1.096120686269999936e-03
1.781070488510000079e-03
-4.244398325680000250e-03
5.581236444409999956e-03
-7.460825610909999593e-03
8.149575442080000259e-03
-1.050264853979999968e-02
1.046675536779999999e-02
-1.295358035709999987e-02
1.324467919769999925e-02
-1.416708435860000032e-02
1.553804799909999992e-02
-1.587104983629999966e-02
1.604826748370000167e-02
-1.648305356499999916e-02
1.702018827200000098e-02
-1.705325581129999921e-02
1.687693968419999926e-02
-1.701112277810000115e-02
1.693502999839999884e-02
-1.598980091510000118e-02
1.528455875809999961e-02
-1.528271380809999996e-02
1.376313250510000086e-02
-1.264135912060000005e-02
1.279833074660000070e-02
-1.038238219919999927e-02
9.824470616880000284e-03
-7.536691613499999810e-03
7.429183926430000216e-03
-5.607530940320000143e-03
3.663949435580000132e-03
-2.918393583969999990e-03
1.559619093310000070e-03
1.214374438860000042e-03
-1.418372266930000014e-03
2.618711907419999946e-03
-4.551685880869999964e-03
5.229433998469999734e-03
-6.636765319849999983e-03
6.856411229819999592e-03
-8.566579781469999336e-03
9.889160282910000252e-03
-9.005820378660000375e-03
1.076873019339999980e-02
-1.193759776650000007e-02
1.081122923640000059e-02
-1.093955431130000031e-02
1.157150510700000016e-02
-1.206130906940000060e-02
1.021461561319999926e-02
-1.059480290859999944e-02
1.058450154960000056e-02
-9.625015780329999188e-03
8.753277361389999803e-03
-7.996852509680000068e-03
7.300850003960000084e-03
-6.148287095129999907e-03
4.824340809139999672e-03
-4.613884259020000281e-03
3.399186069150000183e-03
-2.030257368460000079e-03
1.036425703210000103e-03
-1.287161867369999871e-04
-9.053135290740000349e-04
3.320994786919999938e-03
-2.528165699909999935e-03
4.424795974049999976e-03
-5.481819156559999962e-03
6.771475076679999913e-03
-6.433381699029999852e-03
7.969846948979999665e-03
-9.265005588530000544e-03
8.708361536259999480e-03
-9.837326593699999289e-03
1.045604608949999952e-02
-1.006736233830000070e-02
1.087233424189999915e-02
-1.047118008139999966e-02
1.110959332440000086e-02
-1.043971255420000042e-02
9.412059560420000734e-03
-1.124999858439999952e-02
8.623117581010000116e-03
-9.129861369729999621e-03
8.141424506900000677e-03
-6.513606756930000359e-03
6.624681409450000266e-03
-4.630700685080000288e-03
4.216378554700000135e-03
-2.954568481070000106e-03
1.161445165050000025e-03
-3.197849146090000127e-04
-1.729318406429999986e-03
2.396719530220000130e-03
-4.266166128219999777e-03
5.041233263909999755e-03
-6.499115377660000248e-03
7.735067512839999618e-03
-9.084845893090000638e-03
1.056283432989999979e-02
-1.175187248740000058e-02
1.328346040099999924e-02
-1.322947349399999917e-02
1.519996300339999939e-02
-1.560441590849999914e-02
1.609962247310000108e-02
-1.743151433769999856e-02
1.759446784849999848e-02
-1.735512167220000165e-02
1.840937323870000045e-02
-1.725118979809999939e-02
1.790885254739999974e-02
-1.663394272329999854e-02
1.705110631880000019e-02
-1.631972752510000083e-02
1.428924687210000009e-02
-1.389127504080000033e-02
1.313953939829999931e-02
-1.096983905879999992e-02
9.962414391339999634e-03
-8.286344818770000759e-03
6.626151967790000312e-03
-5.349219311030000042e-03
3.066080156710000119e-03
-9.784911526369999973e-04
-1.835210423450000042e-04
3.352214116600000116e-03
-4.192906897519999877e-03
6.150260101999999868e-03
-8.754275739189999739e-03
1.045216433700000072e-02
-1.261076238009999941e-02
1.371991075580000080e-02
-1.589400693769999970e-02
1.764086447660000168e-02
-1.813566312190000029e-02
2.040042355659999959e-02
-2.165643870829999859e-02
2.288798987869999912e-02
-2.344854734839999996e-02
2.510463818910000158e-02
-2.629983052610000011e-02
2.677739411590000090e-02
-2.769587561490000072e-02
2.862727269530000035e-02
-2.911929413679999884e-02
2.935108169910000120e-02
-2.904453314840000147e-02
2.837914600969999868e-02
-2.930544503030000150e-02
2.653536200519999999e-02
-2.737947180869999830e-02
2.678954228759999889e-02
-2.402754500510000113e-02
2.377314865589999840e-02
-2.199484780429999953e-02
1.962358877060000131e-02
-1.910201273859999868e-02
1.666557230059999978e-02
-1.497301459309999944e-02
1.344994176179999980e-02
-1.101245544850000015e-02
9.472830221059999958e-03
-7.908286526799999938e-03
4.697865340859999801e-03
-4.498338792470000375e-03
1.765402266760000057e-03
1.305764890279999951e-03
-1.292299246420000082e-03
3.919746726749999584e-03
-5.776988342400000108e-03
6.558944471180000110e-03
-9.584205225110000240e-03
8.748408406970000287e-03
-1.045010238890000005e-02
1.305704377589999958e-02
-1.201089005920000057e-02
1.432686857880000053e-02
-1.424203813079999957e-02
1.503434497859999948e-02
-1.582270301880000021e-02
1.524791587139999981e-02
-1.656554639340000051e-02
1.594990678130000020e-02
-1.591340638699999949e-02
1.641949824990000112e-02
-1.514801848680000056e-02
1.495059020820000036e-02
-1.446064189079999951e-02
1.329441927370000019e-02
-1.295148674400000040e-02
1.142240781339999914e-02
-1.088354270910000046e-02
9.598696604370000537e-03
-8.599543012680000570e-03
6.426673382519999984e-03
-5.564840976149999958e-03
4.406865686180000234e-03
-2.934071701020000197e-03
5.749287665819999673e-04
3.068001824429999742e-04
-1.414043945260000075e-03
3.733678720889999861e-03
-5.229088012129999921e-03
5.472659599040000274e-03
-8.031768724319999705e-03
8.294143714010000779e-03
-1.029564626509999956e-02
1.068230438979999967e-02
-1.164317689840000010e-02
1.322926674039999993e-02
-1.270170137290000008e-02
1.464539300649999980e-02
-1.510369963939999990e-02
1.421375665810000084e-02
-1.537539064880000077e-02
1.556718070059999980e-02
-1.570348814130000104e-02
1.596647314730000045e-02
-1.395071577280000003e-02
1.655552536250000026e-02
-1.409006211909999938e-02
1.345151383430000062e-02
-1.398902945219999971e-02
1.247036643330000014e-02
-1.148828305300000040e-02
1.118091959509999976e-02
-8.919126354159999381e-03
8.996199816470000846e-03
-6.765664555130000354e-03
5.774214398120000244e-03
-5.609773099420000200e-03
3.574267495420000058e-03
-2.146113663910000167e-03
2.007882110769999839e-03
5.436239298430000375e-04
-7.942148367870000523e-04
2.166115911679999863e-03
-3.203744068739999926e-03
4.024321679029999738e-03
-5.622786004100000130e-03
6.432400550690000121e-03
-7.041354198010000426e-03
8.458158932629999613e-03
-8.507792837919999143e-03
9.352115914230000118e-03
-1.100271474570000026e-02
1.017071586100000077e-02
-1.142598781730000054e-02
1.122419163579999914e-02
-1.154853869230000087e-02
1.150220911949999952e-02
-1.198845636100000049e-02
1.096261665230000015e-02
-1.151695009319999956e-02
1.068296283480000067e-02
-1.093467418099999984e-02
9.989334270360000767e-03
-9.041847661140000811e-03
9.020685218269999806e-03
-7.498950231819999715e-03
7.780533749610000008e-03
-6.845767609779999929e-03
5.103863310070000207e-03
-5.225506611169999580e-03
4.090741742400000151e-03
-2.391932765019999865e-03
2.530883299189999863e-03
-5.623999168170000246e-04
8.252483094109999652e-04
6.886205519549999654e-04
-1.318989787250000011e-03
1.727686612869999954e-03
-3.295984352010000208e-03
3.562786849219999954e-03
-4.083038307730000108e-03
5.315810441970000334e-03
-4.804692696780000181e-03
5.891089793290000057e-03
-6.575385574250000413e-03
5.828680004920000317e-03
-6.924228277060000096e-03
6.339455023410000417e-03
-6.655449979009999718e-03
6.653657183049999958e-03
-6.110670510680000361e-03
5.824764259160000388e-03
-5.766334477809999595e-03
5.507393274460000050e-03
-5.220844876020000122e-03
3.722836263480000171e-03
-3.995924722399999719e-03
3.219230566170000214e-03
-2.346695400769999856e-03
1.712770317680000105e-03
-1.022126525639999997e-03
8.197223360179999333e-05
5.327645340000000180e-05
-1.744120963850000075e-03
2.188761252909999806e-03
-2.578680869189999784e-03
3.928896039720000156e-03
-4.163597710430000202e-03
5.292886868119999616e-03
-5.556965712460000366e-03
6.103402934969999818e-03
-6.838097702710000010e-03
7.320714648810000384e-03
-7.315893191840000011e-03
8.309764787549999907e-03
-7.637142669410000063e-03
8.545389398930000602e-03
-8.125713095070000169e-03
8.601137436929999144e-03
-7.831184193489999779e-03
7.873598486190000467e-03
-7.172008976339999849e-03
7.070045452560000387e-03
-6.106710527089999688e-03
6.254503969099999700e-03
-5.247483029959999594e-03
4.671150818469999889e-03
-4.143102560190000359e-03
3.258334938440000071e-03
-2.042605541649999881e-03
1.400742679829999979e-03
-5.269207758830000499e-04
-1.046351273539999948e-03
1.578890834940000062e-03
-2.905763452870000190e-03
2.869164338340000116e-03
-4.935294389719999987e-03
5.364577751609999647e-03
-5.978780798609999690e-03
7.472149096430000248e-03
-7.892230525610000047e-03
8.229449391370000436e-03
-1.013755798340000049e-02
9.548708796499999138e-03
-1.056128833439999928e-02
1.088137645270000065e-02
-1.193687878549999984e-02
1.187822315839999997e-02
-1.191026531160000075e-02
1.314944494519999958e-02
-1.293646451089999934e-02
1.262349914759999976e-02
-1.340962667020000054e-02
1.330295857039999995e-02
-1.189271640030000084e-02
1.251974515619999964e-02
-1.171236485240000069e-02
1.087129488589999929e-02
-1.014446280900000059e-02
1.030339114370000010e-02
-8.498813025650000380e-03
8.392307907339999901e-03
-6.196271628139999807e-03
6.592109333720000061e-03
-4.000533837830000383e-03
3.640591399740000095e-03
-1.802487298850000055e-03
7.210632902570000531e-04
6.140720797699999707e-04
-2.113676397129999988e-03
3.435843857009999915e-03
-4.376876633609999567e-03
6.289829034360000341e-03
-7.119485177099999645e-03
8.413316681980000794e-03
-1.030454132710000026e-02
1.056673284619999952e-02
-1.239107269789999945e-02
1.272660680120000012e-02
-1.429399196059999953e-02
1.424252614379999983e-02
-1.577222161000000136e-02
1.551317237320000084e-02
-1.685440726579999840e-02
1.633243262770000051e-02
-1.771633699540000120e-02
1.719378493730000165e-02
-1.817717961970000129e-02
1.751230843370000026e-02
-1.742161996660000073e-02
1.664519868790000079e-02
-1.697600632909999907e-02
1.554576493800000070e-02
-1.608614809809999838e-02
1.430708728729999935e-02
-1.428333576770000023e-02
1.282903179530000062e-02
-1.241236086930000079e-02
1.050383877010000085e-02
-1.023823395370000028e-02
8.253643289209999442e-03
-7.811976596709999977e-03
5.768985953180000119e-03
-4.843638278540000029e-03
3.155164187769999868e-03
-1.827401341869999956e-03
1.078044879250000072e-03
4.966128617530000218e-04
-1.468963338989999912e-03
3.688002005219999900e-03
-3.612433793019999891e-03
6.019724998619999795e-03
-6.177241448310000216e-03
8.157033473249999250e-03
-7.649494335060000316e-03
9.289748035370000781e-03
-9.909152984619999313e-03
1.068400405349999999e-02
-1.117417402569999968e-02
1.194761414080000063e-02
-1.174606662240000078e-02
1.266359444709999962e-02
-1.319552306089999925e-02
1.293284818529999956e-02
-1.327534858140000038e-02
1.271643675859999989e-02
-1.316932030020000026e-02
1.258858293289999951e-02
-1.167983934279999934e-02
1.172242593020000022e-02
-1.119117252530000065e-02
1.003401353959999971e-02
-9.679191745819999693e-03
8.887499570849999309e-03
-8.192099630830000645e-03
6.261928007010000158e-03
-5.995238199829999726e-03
4.291513469070000128e-03
-3.885895945130000192e-03
2.306649694220000088e-03
-1.423751586119999983e-03
-4.547758362610000184e-05
4.928071866739999881e-04
-2.337244339290000215e-03
3.016229486089999894e-03
-4.342997912320000278e-03
5.187569651749999837e-03
-6.341455504300000379e-03
7.232366595420000252e-03
-8.284546434880000337e-03
9.214775636790000640e-03
-9.749203920359999706e-03
1.057886239140000059e-02
-1.064323447640000073e-02
1.202098280190000076e-02
-1.177902054040000021e-02
1.211449783300000069e-02
-1.225981768220000059e-02
1.254910230640000034e-02
-1.246281526980000040e-02
1.221248880030000039e-02
-1.197909843180000079e-02
1.234181504700000015e-02
-1.078169047830000032e-02
1.212423201649999970e-02
-9.990803897379999660e-03
1.020369119940000083e-02
-9.112053550779999900e-03
8.380845189090000216e-03
-7.926646620039999244e-03
6.618401501330000401e-03
-6.305553019049999625e-03
5.714986007660000263e-03
-3.684445749969999899e-03
3.904933109879999819e-03
-2.331571420649999806e-03
1.293049892409999955e-03
-7.996869971980000375e-04
-5.367640405889999473e-04
9.204927482639999915e-04
-2.160539617759999788e-03
2.535373903809999985e-03
-3.939514048400000017e-03
4.433614201840000227e-03
-5.222479812800000405e-03
5.343151278789999743e-03
-6.236660759900000336e-03
6.971212569619999674e-03
-6.987214554099999662e-03
7.170442026110000408e-03
-8.234228007500000307e-03
7.365023717280000208e-03
-8.217343129219999501e-03
7.596150506289999806e-03
-7.955715991559999395e-03
8.028080686930000667e-03
-7.462687790389999944e-03
7.402147632089999679e-03
-6.821263581510000028e-03
6.422820501029999699e-03
-6.334980018439999999e-03
5.338786635549999660e-03
-5.249971523880000122e-03
4.238671623170000256e-03
-3.732346696780000118e-03
3.159119514750000166e-03
-2.062919782470000116e-03
2.322935266420000141e-03
-7.519999053330000223e-04
-5.778355784969999613e-07
4.513740132099999802e-04
-1.344021875410000063e-03
2.325219335030000167e-03
-2.645063679669999984e-03
3.582957433539999802e-03
-3.896185196939999824e-03
5.329121835530000253e-03
-4.618403967470000038e-03
5.488542839879999649e-03
-6.300090346490000263e-03
6.191387306899999790e-03
-6.876624654980000376e-03
6.873735692349999989e-03
-7.110950537029999893e-03
7.113351952280000043e-03
-7.652130909259999801e-03
6.913556717340000289e-03
-7.432193960990000382e-03
7.157166954130000230e-03
-7.057394832370000003e-03
6.478325463829999638e-03
-6.404607091099999601e-03
5.625793244689999625e-03
-5.175394937400000332e-03
4.522006493060000236e-03
-4.597490187730000032e-03
3.509476780889999887e-03
-3.281281795349999877e-03
2.890501869840000123e-03
-1.452816417440000105e-03
1.527169486509999917e-03
-3.276171046309999811e-04
-4.161261604170000028e-04
3.708112926690000080e-04
-1.617050264029999988e-03
2.092697424809999811e-03
-2.746826503429999899e-03
3.393265884369999884e-03
-3.636685432870000005e-03
4.596554674210000420e-03
-4.559453576799999894e-03
5.307997111230000099e-03
-5.519454833120000098e-03
5.519720260050000292e-03
-6.113684736189999892e-03
6.229627411809999897e-03
-5.739886779340000120e-03
6.418498698620000303e-03
-6.032773293550000235e-03
6.275827065110000172e-03
-5.822969134899999913e-03
5.695896223190000107e-03
-5.419272463769999985e-03
5.069258157160000389e-03
-4.834048449989999767e-03
4.166083876040000203e-03
-3.558397293089999788e-03
3.519478952510000057e-03
-1.435430138370000046e-03
1.062816474589999959e-03
-1.105357077899999990e-03
2.581157023090000229e-04
5.656837020070000412e-04
-1.521208672779999918e-03
1.531874411740000077e-03
-2.811526181180000212e-03
3.443333553150000007e-03
-4.089823458339999877e-03
5.110652651640000023e-03
-5.524733569470000223e-03
6.197003182020000174e-03
-7.228729780759999765e-03
7.578996941449999726e-03
-8.292512968179999860e-03
8.381201885640000154e-03
-9.165556170050000173e-03
9.850357659159999710e-03
-9.354546666149999787e-03
9.525650180880000303e-03
-9.967663325369999910e-03
9.782609529789999467e-03
-1.021407544610000023e-02
9.342573583130000733e-03
-9.618873707950000712e-03
9.123487398029999154e-03
-9.143716655670000582e-03
8.321414701640000508e-03
-7.965439930560000090e-03
7.476411759850000276e-03
-7.243772502990000230e-03
6.635911762709999738e-03
-4.900129511950000218e-03
5.483192857349999602e-03
-4.018822219219999811e-03
3.582712728529999831e-03
-2.225906355309999890e-03
1.911388477310000094e-03
-7.466081297030000268e-04
1.002009230429999945e-04
1.009377185259999936e-03
-1.467288355340000015e-03
2.715852577240000093e-03
-3.249598899860000126e-03
3.942056559029999581e-03
-5.531219765539999861e-03
