 Nom d'utiliateur: comblefa
 Date et heure: 03/04/18 10:40
 Type de mesure : ser
 Nom mesure : vide_hor
 Puissance émission : 0.0

 Mode angulaire : fixe
 Angle fixe : 0
 Angle initial : none
 Angle final : none
 Pas angulaire : none

 Mode en fréquence : balayage
 Fréquence fixe (GHz) : none
 Fréquence minimale (GHz) : 2.5
 Fréquence maximale (GHz) : 17.5
 Nombre de points de mesure : 1601

 Polarisation : HH, HV, VH, VV, 
 Plaque canonique - longueur : none
 Plaque canonique - largeur : none
 Sphère canonique - rayon : none

0.000000000000000000e+00
6.708821747449999692e-03
-7.586939260360000062e-03
5.509683978740000099e-04
3.535520285370000095e-03
7.746504270469999672e-04
1.770146377380000038e-02
-2.483002655209999923e-02
1.638491637999999959e-02
-1.628864742819999961e-02
1.866516657170000024e-02
-1.361727248880000019e-02
4.702445585280000222e-03
4.962524399159999600e-03
-5.509454756979999951e-03
1.141680497679999941e-02
-2.756341733039999881e-02
3.448512405160000099e-02
-4.106895253060000028e-02
4.269566386939999819e-02
-5.027344077830000341e-02
5.038302764299999736e-02
-4.811854287979999700e-02
3.882988542319999736e-02
-4.316342249510000256e-02
3.765261173250000065e-02
-1.698636822400000079e-02
2.068049833179999922e-02
-1.626248471440000162e-02
1.604989171030000083e-03
1.542727346530000038e-03
-2.874798374249999938e-03
8.925777859990000410e-03
-1.546368561689999942e-02
1.425921916960000077e-02
-1.381815876810000079e-02
1.986519061029999936e-02
-2.197815105320000129e-02
1.535323262209999963e-02
-1.237116102130000027e-02
1.812207140030000149e-02
-1.712913811210000151e-02
1.135658193380000014e-02
-1.607249863449999872e-02
1.365366578099999964e-02
-1.717519015070000099e-02
1.449498254809999942e-02
-1.420724950730000054e-02
1.630340144039999981e-02
-1.374795939770000024e-02
1.934434287249999981e-02
-2.611271664499999895e-02
1.603241823610000033e-02
-5.419374909250000184e-03
1.619560830300000032e-02
-1.198668498550000024e-02
-1.990850782020000143e-03
-5.712550133470000076e-03
-1.896274043250000029e-03
2.672598510979999967e-02
-2.964518591760000044e-02
2.370817586780000000e-02
-4.020076990129999722e-02
5.830992758269999687e-02
-3.881369531150000163e-02
4.189340770239999984e-02
-5.739367380740000024e-02
3.194074332710000047e-02
-2.442853711549999862e-02
2.255525439979999894e-02
-1.435829419639999931e-02
-8.223519660530000802e-03
7.070944644510000071e-03
-4.088739398869999618e-03
2.995855920020000160e-02
-3.329399600630000150e-02
2.154968678949999855e-02
-2.900065667930000132e-02
4.045720770959999879e-02
-3.226345404980000137e-02
2.403612062339999939e-02
-3.709360957149999971e-02
4.188569262619999678e-02
-2.336574345829999996e-02
1.706673949960000117e-02
-2.854236774149999933e-02
2.371890842909999894e-02
-1.350550074130000069e-02
1.060038153080000017e-02
-1.143951062109999951e-02
3.909648396069999657e-03
-1.107903942469999972e-02
-1.569481100890000088e-03
1.349144987760000046e-02
-3.832044312730000044e-03
1.135060098019999904e-03
-1.259463466700000076e-02
1.797121576960000050e-02
-1.610813476150000159e-02
1.035980135200000041e-02
-9.400018490850000838e-03
2.274539880450000134e-02
-1.912043988700000072e-02
1.520256232470000059e-02
-1.092894002799999972e-02
1.760439015920000141e-02
-1.976148225369999886e-02
1.967642828820000134e-02
-2.235110662880000071e-02
2.034572511909999923e-02
-2.359520085159999905e-02
2.223927341400000132e-02
-2.767312154169999927e-02
3.060155548159999850e-02
-2.852529846129999921e-02
3.075242042539999901e-02
-3.042296692729999988e-02
2.650193683799999950e-02
-2.492597512900000117e-02
2.012059651320000087e-02
-2.253745682539999920e-02
1.655566133559999847e-02
-3.394290572030000085e-03
-2.437347080559999941e-03
8.992620743809999484e-03
-1.991927623749999848e-02
2.703155577180000116e-02
-3.655074909330000010e-02
4.054038971659999768e-02
-5.819883197549999970e-02
5.993854627010000019e-02
-6.336884945630000265e-02
6.640049070119999342e-02
-6.934788078070000528e-02
7.058515399690000469e-02
-5.679594352839999888e-02
5.888659134509999921e-02
-5.513218045229999892e-02
4.605218023060000249e-02
-3.240035101770000203e-02
2.239947766069999915e-02
-1.779901981349999926e-02
2.220662077889999989e-03
4.285277333110000184e-03
-1.564303226769999874e-02
2.540508098899999997e-02
-3.414735198019999696e-02
4.117624089119999858e-02
-4.684302210809999922e-02
4.961193352939999995e-02
-5.679106712339999918e-02
5.938362702729999693e-02
-5.713068321349999701e-02
5.818868428469999715e-02
-5.554867908359999856e-02
5.559676513080000215e-02
-4.475575685500000206e-02
4.836643487219999954e-02
-4.176551848650000148e-02
3.073144331570000151e-02
-2.822485752399999867e-02
2.176610939200000067e-02
-2.115196734669999926e-02
2.783679636200000074e-03
-1.764300977809999966e-03
-3.490395843979999906e-03
8.076469413939999648e-03
-1.746717281639999925e-02
2.015328407289999901e-02
-2.384640835230000117e-02
2.801847271620000121e-02
-2.859807200729999957e-02
3.065995872020000138e-02
-3.120625764130000035e-02
3.039585798980000073e-02
-3.014160506430000122e-02
2.891055680810000056e-02
-3.190411254759999843e-02
2.796027064319999908e-02
-2.599863894279999879e-02
2.769189327960000155e-02
-2.801991067830000154e-02
2.251788415010000030e-02
-2.288265340030000081e-02
2.117678336799999964e-02
-1.868301630020000048e-02
1.550936978310000006e-02
-1.765958592300000130e-02
1.162842847410000026e-02
-8.020604029300000548e-03
5.724723916500000162e-03
-1.045236946080000100e-03
-1.121218665499999941e-03
7.520264014599999623e-03
-9.225468151270000555e-03
1.136945094909999968e-02
-1.466662716119999932e-02
2.053658850490000173e-02
-2.521613985299999902e-02
1.970093138519999829e-02
-2.537120878699999915e-02
2.640724554660000070e-02
-2.487884648139999932e-02
2.133366465569999995e-02
-2.335405908519999976e-02
2.149859070780000062e-02
-1.503132469950000001e-02
1.541128754619999937e-02
-1.193080656230000036e-02
1.178309507669999916e-02
-6.195742171259999848e-03
7.153629325329999809e-03
-8.032758720219999177e-03
1.110672601500000030e-03
-5.924622993920000170e-03
2.325622597709999829e-03
-2.870105905459999912e-03
6.827946053819999774e-04
2.659740159289999874e-03
6.006920710209999979e-03
3.168836003169999815e-03
-4.420969635249999592e-03
-3.895391477270000215e-03
-8.070633746679999748e-03
4.713744390759999625e-03
-4.122077021750000271e-03
2.558879321440000066e-03
-1.007793936880000026e-02
1.266693882639999963e-02
2.100257916029999968e-05
1.235786452889999984e-02
-1.378321927040000033e-02
8.044059388340000019e-03
-1.036357134579999999e-02
1.477690599859999947e-02
-1.460123900319999952e-02
7.557530421759999992e-03
-1.356532145290000047e-02
1.565167307849999953e-02
-9.912556968630000312e-03
1.178405061359999971e-02
-1.685075461860000012e-02
1.206620689479999918e-02
-1.111800875510000029e-02
1.351032126690000085e-02
-1.590973697600000028e-02
9.039613418279999341e-03
-8.567025884990000367e-03
1.081416010860000027e-02
-5.210328847170000131e-03
3.811727510770000077e-04
6.933268159630000434e-04
-1.467399997639999999e-03
1.072562858459999956e-02
-1.245946157719999940e-02
1.317213289439999983e-02
-1.989541389050000081e-02
2.578297629950000031e-02
-2.255126833920000073e-02
2.792087942360000144e-02
-2.944210916760000088e-02
2.173472195859999997e-02
-2.848595753310000089e-02
2.382475882770000025e-02
-1.706369593740000162e-02
1.956455782060000093e-02
-1.781557500359999893e-02
8.264680393039999795e-03
-6.396834272890000207e-03
7.105231750760000221e-03
7.913874578659999470e-04
2.688264648899999811e-04
5.260611418629999696e-03
-8.259868249300000853e-03
4.999665543439999957e-03
-1.369869429619999940e-02
1.629509404299999895e-02
-1.475313119590000027e-02
1.305677089840000075e-02
-1.581161655490000151e-02
1.766081154350000043e-02
-1.595951244240000066e-02
1.408102456479999945e-02
-1.555395033210000069e-02
1.662271656099999911e-02
-1.393976714460000085e-02
9.644796140490000461e-03
-1.308509334919999954e-02
1.135190110650000084e-02
-5.858963821080000016e-03
1.027641631659999971e-02
-6.916697602720000074e-03
4.616674035789999735e-03
1.860139600469999969e-04
2.974604489279999812e-03
-3.319555893539999879e-03
-6.226989440620000170e-03
1.566456630829999924e-03
-1.883937977249999915e-03
7.114111445839999687e-03
-9.005037136379999765e-03
7.316380273550000292e-03
-7.074022199960000069e-03
1.109639462080000069e-02
-1.017067302019999953e-02
9.293212555350000709e-03
-1.318361703310000008e-02
1.066421903669999977e-02
-9.720057249069999697e-03
1.165636721999999993e-02
-9.035369381310000628e-03
9.522583335639999563e-03
-6.938659586009999873e-03
7.555898744609999655e-03
-5.610497668390000345e-03
4.118897952140000360e-03
-4.577202256770000061e-03
4.416723677419999872e-04
6.865028262840000106e-05
-1.751549425529999940e-03
3.515702846930000196e-04
-4.682256374510000360e-03
5.561692174520000038e-03
-6.419089622800000158e-03
8.116303011780000645e-03
-5.983891431240000169e-03
7.372772321110000228e-03
-6.938786711540000270e-03
7.407821249219999869e-03
-7.461247500029999889e-03
5.735598504539999795e-03
-3.217561636119999850e-03
3.218119498340000096e-03
-3.314830129969999987e-03
2.634444506840000200e-03
-1.574475434609999992e-03
3.596873648349999797e-05
-9.123670170080000171e-04
1.249290507990000122e-04
6.513957487190000272e-05
-1.290140062339999920e-04
1.732929493300000047e-03
-1.127421273849999947e-03
-6.744012935090000190e-04
6.566978991029999825e-04
5.545425228770000433e-04
-1.929227146320000108e-03
-4.066718975079999907e-04
1.094806939359999976e-03
9.361117554359999653e-05
2.713233989200000240e-04
-1.133354729970000073e-03
8.580021676609999540e-04
1.133273122830000040e-03
1.139108557250000054e-03
-1.206717686730000069e-03
-1.213227151310000056e-04
4.939354257659999640e-04
-6.232591113079999573e-04
-1.694150705590000117e-04
-1.613715197889999901e-03
-1.196126686409999958e-04
-1.744641922410000061e-03
2.365726511929999980e-03
-2.177718561139999846e-03
2.914162818340000020e-03
-2.137844916429999884e-03
3.976865671580000379e-03
-3.840617137029999923e-03
4.700573626910000032e-03
-4.799836315209999628e-03
3.178511047740000071e-03
-4.625643137840000294e-03
5.080147180710000050e-03
-3.561266232279999919e-03
3.784829750659999843e-03
-2.367022680120000125e-03
5.988652119409999808e-04
-1.366916345430000063e-03
1.087475917299999921e-03
9.702501702119999604e-04
-2.851442666719999994e-03
2.067666733640000001e-03
-2.440083306280000069e-03
4.221788607539999835e-03
-4.800727590919999857e-03
3.403374692429999866e-03
-6.338746752590000005e-03
5.454042460770000371e-03
-3.259533317759999958e-03
6.225075107069999621e-03
-5.170309450480000193e-03
4.568248055879999860e-03
-3.846080042419999789e-03
5.788404028859999925e-03
-2.626403467729999941e-03
1.712050638160000004e-03
-5.668449681249999872e-03
1.523300656119999912e-03
-8.106047753240000226e-04
1.766741275790000053e-03
-9.606719249859999770e-04
-1.265445142050000043e-03
6.377057288770000094e-04
7.772052194919999843e-04
3.518448211250000107e-03
-2.961376681920000007e-03
2.005457645279999992e-03
-3.269578097390000125e-03
3.680353052910000089e-03
-2.849846612660000052e-03
3.320220625030000008e-03
-5.661369301380000246e-03
2.066507237030000207e-03
-2.472770866009999825e-03
4.788961727169999995e-03
-1.292021013799999956e-03
4.077351186419999989e-03
-4.022837616499999949e-03
1.074711093680000068e-03
-3.643121570349999901e-03
3.170239040629999842e-03
-2.513606334109999910e-03
2.350668422879999882e-03
-4.426317755130000121e-03
3.197590122000000101e-03
-1.048324280419999938e-03
3.618727903809999900e-03
-2.828348428009999898e-03
8.515458903280000115e-04
-2.434032969180000179e-03
9.895857656370000543e-04
-1.609522296349999936e-04
-6.673693133050000398e-05
2.557363826779999929e-03
-2.457957947629999841e-03
4.033597186210000421e-03
-5.145954433830000029e-03
5.355684552339999571e-03
-5.740554071959999734e-03
6.353731267149999654e-03
-7.294574286789999584e-03
7.157106418159999567e-03
-8.075052872300000559e-03
6.677160505210000263e-03
-5.737709812820000234e-03
6.468237377699999693e-03
-3.940963651979999954e-03
3.077228553589999790e-03
-3.967323340480000127e-03
1.797521952540000060e-03
-3.493362746669999774e-04
4.195624787830000142e-04
1.540394587210000077e-04
-2.193394117060000134e-03
2.517313929270000115e-03
-1.977392006670000181e-03
3.300400450829999843e-03
-4.329577554020000267e-03
3.331246552990000092e-03
-4.071455914530000206e-03
5.834347102789999746e-03
-4.057291895150000327e-03
3.305424237620000014e-03
-4.083128180349999796e-03
4.204814322289999670e-03
-3.627863712609999923e-03
4.155179951339999997e-03
-3.545388812199999976e-03
1.900897827000000082e-03
-3.995796199889999761e-03
2.939838916060000164e-03
-1.710115117019999926e-03
2.321911044420000084e-03
-3.028897102919999793e-03
1.168586197310000040e-03
-4.367903748059999815e-04
1.615445711650000072e-03
-1.248287851920000090e-03
-8.264183998110000498e-04
-5.475333891810000393e-04
-2.432490582580000018e-04
3.282348625359999932e-03
-1.290283398700000023e-03
1.692257937980000057e-03
-3.254765644669999850e-03
3.628095844759999817e-03
-2.142973477020000163e-03
3.599643474439999900e-03
-4.629397299139999603e-03
2.055119257420000029e-03
-3.921585157509999836e-03
3.216016339139999864e-03
-1.797169796189999934e-03
2.434204099700000134e-03
-2.328170463439999983e-03
1.625029370190000022e-03
-6.000753492119999645e-04
1.046231947839999961e-03
-7.520323270000000204e-04
-6.141941994429999654e-04
-4.599411622620000126e-04
2.382404782110000103e-04
-4.400078905749999934e-04
3.899133589580000211e-04
1.483916857980000089e-04
1.856596063590000036e-04
5.816908669660000170e-04
-1.323799951929999902e-04
-6.905335612830000417e-05
5.042599514129999762e-05
-2.099650009770000019e-04
-7.646285230290000455e-04
4.436752060429999733e-04
-8.234417764469999625e-04
1.313872984610000086e-03
-9.853161172940000032e-04
1.442573033269999982e-03
-1.431959448380000022e-03
1.772687304760000009e-03
-1.823020749729999937e-03
1.953310566020000170e-03
-1.744088833219999916e-03
7.800916209819999886e-04
-1.650054007769999895e-03
1.695779268630000095e-03
-8.539362461310000393e-04
1.162728876810000065e-03
-1.953446044350000085e-04
7.536454359070000018e-04
-4.655641387219999956e-04
-5.406267009680000048e-04
-1.290474087000000091e-03
-5.727317184210000333e-04
-3.969113167839999736e-04
-2.922588028009999862e-04
3.104364805039999859e-05
9.579248726369999582e-04
1.123602734879999973e-03
6.206805119290000321e-04
2.498471294530000045e-04
-2.195518900410000068e-04
-3.278754302299999963e-04
-8.967968751679999701e-04
-4.719671560450000038e-04
-1.065041054969999984e-03
9.236749028789999509e-04
1.393012207700000053e-04
1.904976321379999935e-03
-4.915194003839999833e-04
1.319525297729999937e-03
-1.318376511340000083e-03
1.079578301870000008e-03
-1.623472315259999899e-03
7.939399802130000584e-05
-2.554938895629999939e-03
4.227959725540000142e-04
-6.619385094379999675e-04
1.137609826400000010e-03
5.266157095320000200e-04
8.525254088449999833e-04
5.540747661140000332e-04
-6.993097485969999362e-05
-4.902817818219999799e-05
-1.192311639899999894e-03
6.299263623080000071e-05
-6.856815307399999598e-04
5.563666927630000472e-04
-1.097698259399999994e-04
1.308190287090000084e-03
1.726630434859999946e-04
2.892602642530000211e-04
-7.600889075550000280e-04
-4.471254942469999748e-04
-8.686638902870000333e-04
2.809439902189999737e-04
-1.261970610359999963e-04
-4.839248140339999943e-05
5.578092168429999890e-05
3.509522357489999896e-04
3.044506302100000172e-04
-2.176389389210000094e-04
1.190616967509999986e-04
-1.496534696340000019e-05
3.766068839469999935e-04
3.621942596510000097e-04
-5.080920527689999851e-05
2.546686155260000106e-04
-7.217633537949999642e-04
1.550466549819999986e-04
-7.653218926860000035e-04
7.653655484319999563e-04
-2.129468193740000092e-04
1.162903034129999895e-03
-1.036826943159999993e-04
5.344000528570000061e-04
-7.051972206680000039e-04
-1.847635721789999872e-04
-2.505968150219999870e-04
-4.981561505699999689e-05
3.313299966980000105e-04
-5.740431370210000075e-04
-9.939397568810000392e-05
-5.912242922930000281e-04
2.304067602379999968e-04
-9.213745215669999619e-05
3.629043349060000071e-04
-4.683653824029999913e-04
5.903354613110000249e-04
2.417580981270000000e-04
6.909268995510000591e-05
-6.638104096059999721e-04
4.083685053049999816e-04
-7.953829026519999694e-07
4.353000840640000200e-04
-1.024777535349999944e-03
5.166918272149999530e-04
-4.473848093769999899e-04
4.493084852580000034e-04
-1.112382160500000093e-03
5.744250374849999572e-04
6.985274376350000185e-05
4.870003904219999792e-04
-6.788221653550000241e-04
3.225364780520000073e-04
4.699153068940000160e-04
1.283647725359999940e-04
-2.272695128340000063e-04
-3.727436123879999887e-04
3.828319895549999884e-04
-2.658873563630000060e-04
4.913560042039999984e-05
-1.017268514260000027e-03
5.884586134930000359e-04
-5.152108496989999580e-04
7.226906018330000016e-04
-1.120652086679999987e-04
8.965912857090000462e-04
-1.110836979930000020e-03
8.233003318309999692e-04
-7.166842115109999965e-04
9.269128786399999549e-04
-1.232432899999999975e-03
2.703511381699999849e-05
-8.748404798099999923e-04
9.233394521289999468e-04
-7.075672037900000494e-04
5.860047531310000508e-04
-2.268140669910000010e-04
1.300482428629999923e-03
5.808969144710000258e-04
-3.169823321510000045e-04
-5.161415319889999615e-04
-8.605833863840000415e-04
-2.106662868749999975e-04
-6.433809176089999972e-04
3.680732042989999834e-04
-1.029018894770000097e-03
9.158807806670000041e-04
-3.007062769030000179e-04
1.138197840189999902e-03
-4.171741020400000126e-04
1.143649336880000079e-03
-9.642389486540000471e-04
1.122694928199999970e-03
-1.334673492240000042e-03
1.471264840799999896e-04
-1.697965781199999935e-03
1.040837727490000067e-03
-4.967536078769999898e-04
1.562763936820000046e-03
-5.219029844740000201e-04
9.451815276410000270e-04
-3.260908706579999775e-04
7.447302341459999860e-04
-8.475458598699999683e-04
-7.486645481550000284e-04
-7.458609179590000365e-04
-8.062289562080000209e-04
4.925123648719999811e-04
-7.983030518520000058e-04
1.271325745620000003e-03
-4.361906030679999803e-04
2.023631706830000040e-03
-1.538001932199999913e-03
1.181597937830000016e-03
-1.629691338169999984e-03
1.017589238469999990e-03
-1.864471938459999955e-03
1.123820780780000099e-03
-8.156826952470000273e-04
1.617419882679999987e-03
1.833464048100000039e-04
7.401377661149999765e-04
-3.186222165820000148e-04
-1.204106956719999977e-05
-5.475237048809999729e-05
-5.365869146769999690e-04
-2.499488473399999770e-04
-8.381956140509999554e-04
3.376315580679999811e-04
-3.477063146419999895e-04
6.986124208199999798e-04
-5.462577100840000340e-04
5.443728296089999849e-04
-3.284051199439999742e-04
5.120273563080000000e-04
-4.713322850880000072e-04
4.846375959460000153e-04
-3.616017056630000076e-04
4.594167985490000172e-04
-5.167153431099999949e-04
3.655798791439999942e-04
-2.416870556769999895e-04
1.704838214210000131e-04
-2.514373045409999739e-04
6.047742790540000480e-04
6.841149297539999619e-05
3.602060896809999987e-04
-1.431879209120000013e-04
4.212100247969999712e-05
-2.825305855369999834e-04
-4.030239942949999789e-04
-6.305914721449999705e-04
-6.266727723410000399e-05
-3.277997848269999825e-06
3.670719161160000189e-04
3.863662714140000194e-04
7.751856173849999340e-05
2.998021373060000120e-04
2.178978174920000014e-04
-1.073642706609999982e-04
-1.843453937910000096e-04
-7.917243056000000017e-05
-5.812678136859999838e-04
1.148404553529999944e-04
-1.056496257660000028e-04
6.991084082980000532e-04
3.027908387590000187e-04
2.374666364630000125e-04
-4.091620794499999884e-04
4.181881085969999922e-04
-6.301780231299999868e-04
-2.076800910800000047e-06
-6.591670098709999587e-04
-4.953319439659999894e-04
-3.232507733630000197e-04
3.676801570690000080e-04
6.649459828620000231e-04
2.152388769899999906e-04
5.519289697989999949e-05
-6.233501335370000070e-05
5.091034690850000178e-04
-2.958306286020000067e-04
-3.692652389870000260e-04
-7.352202665059999649e-04
5.680520644089999792e-06
1.827360392780000081e-04
-4.162731784159999683e-05
6.373249198080000420e-05
-5.300906559570000095e-05
6.581409834329999490e-04
-2.474733337290000086e-04
-6.670449511150000643e-05
-1.199573511260000050e-03
-1.323418982789999968e-04
-7.110807200659999380e-05
7.047961116770000509e-04
1.097893618859999962e-04
-3.326145524619999864e-04
-1.927899575089999989e-04
-1.340545622949999948e-05
4.548504075500000112e-04
-2.282473724340000067e-04
4.647736495829999964e-04
-3.349678881929999763e-04
2.980755525640000031e-04
-2.730895939750000042e-04
5.040875403210000327e-04
-2.722503268160000206e-04
2.467778103889999909e-04
-7.146821008059999532e-04
-1.596184010849999993e-04
3.498771693559999925e-04
4.258641856719999922e-04
4.817094304599999800e-04
-8.272979175669999781e-04
-4.084555257579999669e-05
-4.856546001969999789e-04
4.410372057460000160e-04
-3.252468595750000009e-04
4.179626412219999976e-04
-3.017350973099999800e-04
2.021268010140000115e-04
1.324206241409999873e-04
8.258962770919999884e-05
4.793734115079999907e-04
-1.809512323229999994e-04
2.338086633240000112e-04
-6.034183315930000081e-04
5.709332253900000159e-05
-4.871448036279999848e-04
6.429452332670000268e-04
-4.009412659799999968e-04
-1.279308617089999959e-05
-2.280916378369999956e-04
3.357253808639999807e-05
1.661518945180000115e-05
-1.731484371699999920e-04
-4.481861105890000288e-05
-5.155585822650000493e-04
3.865475300699999892e-04
-7.042707293289999755e-04
5.865137791260000314e-04
-2.685579238460000231e-04
4.103519895579999834e-04
-1.273960515390000080e-04
8.856779895720000512e-04
-9.315674833490000188e-05
8.782659278950000474e-05
-9.534295531920000428e-05
-1.988072326640000003e-04
-4.573813328080000258e-07
-4.653855285139999972e-04
3.230879374310000182e-04
-7.958398200569999619e-04
5.226691719139999826e-04
-6.398088880809999716e-04
7.623112760479999967e-04
-6.803610594939999909e-04
8.495320216749999674e-04
-3.538518212740000032e-04
8.097423706199999814e-04
-5.685613723470000005e-04
2.490855986250000115e-04
-5.068383761679999761e-04
1.449987757949999876e-04
1.714187419570000140e-05
1.376825002809999939e-05
1.151614051199999965e-04
8.114457159539999371e-05
4.695043025999999986e-04
-3.958449524359999817e-04
2.744689991229999800e-04
-8.233201224360000301e-04
2.289577969349999896e-04
-1.091260113750000017e-03
5.305130616759999541e-04
-8.000523084770000100e-04
7.776104612279999967e-04
-6.762016564610000063e-04
8.603850728829999517e-04
-3.778988320850000158e-04
7.052416331129999659e-04
-8.025269489739999878e-04
3.712013131009999733e-04
-3.597328613979999985e-04
2.487672900319999885e-04
-4.343513865019999766e-04
2.143861929649999937e-04
1.352872932329999959e-04
3.295596688989999848e-04
4.993216716680000259e-04
6.903979374329999698e-05
2.834003244060000052e-04
-4.380690224929999991e-04
2.259680913989999972e-04
-6.733493646610000253e-04
2.251730475109999972e-04
-1.076676999220000080e-03
4.226452438160000261e-04
-7.841732585799999567e-04
9.115920984189999693e-04
-1.936143235069999902e-04
7.636244990860000317e-04
-4.548590804920000044e-04
6.108731031419999905e-04
-4.724833415819999858e-04
6.626009708270000137e-04
-7.985047996039999936e-04
-1.158015438700000051e-04
-3.180334169880000197e-04
3.607529797589999958e-04
2.868534356820000254e-04
2.182794924009999875e-05
1.527433778389999941e-04
-2.619855222290000136e-04
3.504270862319999996e-04
-5.490919575100000312e-04
3.432667290329999873e-05
-7.610585889779999469e-04
2.368417044639999970e-04
-4.718869167849999951e-04
6.761557306159999984e-04
-1.754769527909999908e-06
5.476353690030000146e-04
6.103352643549999978e-05
2.192839601780000101e-04
-2.468718448650000243e-04
1.911270082929999959e-04
-3.037456190209999996e-04
-7.740276487309999843e-05
-1.319064176640000045e-04
6.099005258870000015e-05
-4.336216079540000098e-05
1.597648661120000015e-04
-2.007772127400000062e-04
-7.579217344760000080e-05
-1.172022748509999988e-04
-9.517645230520000582e-05
3.295315400460000117e-05
1.723877649060000044e-04
5.833508839709999991e-05
-1.060131471599999955e-04
1.215028350999999921e-05
-1.307886850550000135e-04
-3.183979231380000126e-07
6.534016574729999399e-05
1.721512817309999918e-04
-1.477222976970000057e-04
2.289167241540000043e-05
-2.306405949639999970e-04
4.917810438199999830e-04
-9.065689664569999710e-05
1.887848193289999913e-04
-3.867615014310000262e-04
-6.173627480169999735e-05
-4.204378928989999770e-04
8.640604937679999752e-05
-3.888061328329999746e-04
3.139176988040000000e-04
2.932260686070000191e-04
3.581366618160000074e-04
4.021849963460000314e-05
-1.404128706779999907e-04
-2.094655064869999992e-05
-2.977272088170000047e-04
-2.727598475760000213e-04
-5.969113553869999844e-04
3.189059134459999750e-05
-1.958329958140000038e-04
3.691361926030000068e-04
5.513574069480000239e-05
6.267081480470000241e-04
3.292349574620000098e-04
4.964385880160000200e-04
-5.811910959889999510e-04
6.800219853179999881e-05
-4.025700036440000218e-04
-1.050229620890000048e-04
-8.055779617280000009e-04
1.695867831589999977e-04
-6.947090150789999848e-05
3.023039607800000151e-04
2.773924206850000222e-04
3.150638949590000041e-04
2.565415634309999851e-04
-1.781809696689999937e-04
-2.397965872660000092e-04
-4.266605246810000200e-04
2.016341022679999913e-04
-3.764459688679999802e-04
1.121222521760000066e-04
-5.056280642749999728e-04
3.377098764760000154e-04
1.446450332880000098e-04
6.713634356859999892e-04
-3.649749851320000156e-04
2.733169458220000017e-05
-2.329021226610000100e-04
2.375039621260000109e-04
-2.890136674979999808e-04
-2.557113766669999910e-04
-3.747641458180000140e-04
2.067910099870000026e-04
1.767479989210000014e-04
8.644063927929999394e-05
2.330553252250000041e-04
2.327601541770000116e-04
1.020568815870000022e-04
-7.564936822749999880e-05
-4.341603562349999850e-05
-2.905796573030000173e-04
-2.086843742289999984e-04
-4.768907383550000209e-04
1.705797558320000019e-06
1.611466868780000127e-04
3.039906005140000122e-05
-1.424153597329999913e-04
1.514269970360000088e-04
5.050316030969999765e-05
-1.226425229109999915e-04
-1.241173158630000124e-04
-1.385161012880000006e-04
7.948462007329999777e-05
6.323371781039999597e-05
2.170967345590000077e-04
-7.774101686659999481e-05
2.515797677919999931e-04
-3.986837327829999874e-05
-1.859058684199999900e-04
-2.657105505930000143e-04
-1.727202106849999905e-05
-1.666232674319999870e-05
4.889893534710000318e-05
2.127219777319999889e-04
-2.353180025240000103e-04
1.131558019550000030e-04
-1.826330699259999925e-04
1.961777597900000016e-04
-3.122511261609999846e-04
1.287388149650000116e-04
-6.204717792570000083e-04
2.121553116009999981e-04
-2.125422761310000088e-04
2.405731938780000009e-04
-1.279311254619999933e-04
2.546204777899999994e-04
-2.251286641689999931e-04
4.720837168859999848e-04
-1.826252810130000068e-05
-3.024443321919999885e-05
-3.567468374969999891e-04
-2.284921065440000023e-04
1.645584598009999943e-05
2.331378345839999866e-04
5.299196709530000206e-05
-2.986645558850000034e-04
-7.979703696039999310e-06
3.538812597979999758e-05
3.830285859290000271e-04
-3.486310743030000218e-05
-1.254353701370000099e-04
-6.552625563930000209e-04
2.648014924490000159e-05
-9.544864587950000064e-05
3.570039116310000154e-04
-1.858844188969999980e-04
8.530535706089999572e-05
-3.340725670570000253e-04
4.495985631369999770e-04
3.467869828459999899e-05
-2.287646384499999945e-05
-5.989602650520000401e-04
9.874735405899999529e-05
-1.109242075469999962e-04
4.640776314769999990e-04
-9.577577293379999589e-05
-9.237182530340000246e-05
-3.724779526239999929e-04
8.974712545749999966e-05
1.303061617359999952e-05
1.809590175980000022e-04
-1.759509323160000037e-04
-3.599422343539999958e-04
1.124168775280000017e-04
2.431811735729999958e-04
1.461614301660000008e-04
-6.017970372340000204e-05
-3.049025253860000208e-04
-1.897487672980000125e-04
3.770651528610000037e-04
2.836936037060000223e-04
8.892095502229999376e-05
-3.765218425539999803e-04
-2.031300391539999901e-04
-9.742203837959999789e-05
3.207032568749999856e-04
-4.757924471049999968e-04
-2.154396061090000074e-04
-2.949209592770000131e-04
4.562375397650000192e-05
1.427629031240000091e-04
5.550166824829999915e-04
-1.084823015839999971e-04
-2.020975080090000057e-04
-1.567682629679999966e-04
2.200347516919999873e-04
3.525941065160000055e-05
1.573369518160000122e-04
-4.058328631799999840e-04
-1.400916662529999926e-04
1.486333931099999945e-04
1.899118797159999889e-04
-4.702031219489999983e-06
8.068184251899999612e-05
-1.648921315790000076e-04
-1.792922412280000086e-04
2.129507629430000084e-04
-1.083467504940000036e-04
-1.621034461999999927e-04
-2.447082661090000180e-04
-1.802402985050000105e-04
9.732012404130000089e-05
1.531362795499999891e-04
-9.292970935350000205e-05
2.699373544599999877e-05
8.369494935319999755e-06
1.658491673880000035e-04
1.387495431120000034e-04
-1.406905939799999881e-04
-1.063044110199999945e-04
-3.066392091569999771e-04
-1.396386142010000035e-05
-2.329618000660000038e-04
7.821039616830000686e-06
7.872659807620000611e-06
1.607546146260000104e-04
8.788693958190000037e-05
8.788566628939999896e-05
-1.586775324539999976e-04
-1.615881628819999870e-04
-1.049138518279999995e-04
-1.250263012479999936e-04
-7.555183401559999916e-05
2.205658238380000028e-04
2.523397561160000226e-04
4.732508386950000026e-05
1.327397039859999921e-04
-1.079077264880000023e-04
1.100686276909999974e-04
-2.918021345979999776e-04
7.026525054240000028e-06
-1.216197561009999955e-04
8.696314762349999987e-05
-1.424854999639999984e-04
2.428947027509999984e-06
-2.394635375820000005e-04
1.168754097310000049e-04
-9.460732690059999773e-05
-6.517853034890000116e-05
-3.725847636820000120e-05
3.863015153909999787e-04
-1.843822683440000129e-04
-4.941651786790000043e-05
-2.429204178040000135e-04
-2.143822493959999945e-04
2.536431129559999788e-04
5.625533231069999694e-05
2.501201561240000101e-05
-4.742098826680000236e-05
2.191420207960000099e-04
-3.947531877199999785e-05
3.328547463749999941e-04
-2.806714037429999939e-04
-9.395772212880000292e-05
-2.660007157829999977e-04
-1.907218938870000090e-05
-1.595362409720000024e-04
2.667818625920000044e-04
-4.206427183819999664e-05
4.271911457180000002e-04
8.606827032049999644e-05
1.987894647750000046e-04
-1.165139765359999999e-04
-3.123730130030000023e-04
-3.260805096939999731e-04
-2.193228719990000103e-04
4.451566837819999631e-06
-2.996257353520000004e-05
1.197822421090000025e-04
1.719770516500000019e-04
2.404246915830000018e-04
1.945467665789999887e-04
5.497078018380000100e-05
-2.519823901819999781e-04
-3.087149816570000172e-04
-2.351618459219999898e-04
-8.339244232050000089e-05
-2.237535954919999868e-04
-1.285731123059999934e-04
-5.877443254580000300e-05
1.528550928919999996e-04
1.876461465139999871e-04
2.145210964950000073e-05
-8.313088619619999893e-05
-1.254849339600000023e-04
-3.750754694920000013e-05
-4.476198519109999803e-04
-1.209324473169999964e-04
-2.616609854159999775e-04
1.547170832050000081e-04
3.271852983740000193e-05
2.819246437870000211e-04
3.109737372140000162e-05
1.038446644090000029e-04
-1.229868212250000083e-04
3.040968113050000052e-05
-1.511152513560000117e-04
-2.465240831950000155e-04
-3.410724748389999780e-04
-2.515423111619999731e-04
5.966696335240000268e-05
2.912230556829999996e-04
4.910923889840000060e-04
-1.221706188520000041e-04
-7.349618681469999662e-05
-1.028446276910000002e-04
1.611914776730000132e-04
-1.075660984500000035e-04
-3.591041968319999680e-05
-5.549138877539999551e-04
6.322525587169999968e-05
-8.004194387469999890e-05
5.019684322179999861e-04
-9.234338358509999658e-05
1.509612629890000096e-04
-1.878752373159999942e-04
2.600002917460000028e-04
-9.034677532329999272e-06
-1.144689231300000017e-04
-5.270318943080000125e-04
-3.437768027649999920e-04
-1.509970024929999923e-04
1.290103682549999936e-04
2.117363474100000126e-04
7.302393350980000068e-05
1.060473368849999950e-04
1.809907989809999998e-04
4.836856678590000110e-04
-2.108798616969999868e-05
-2.259433967990000041e-04
-6.834222585889999750e-04
4.822569098909999731e-05
9.358900570079999503e-05
3.098901652269999991e-04
-7.622864359290000503e-05
8.606096525909999830e-05
-7.038526382529999674e-05
4.129360895600000191e-04
-4.614608769770000153e-05
9.601468264010000459e-06
-4.630703479049999983e-04
-3.700905945150000033e-04
-1.826014631660000012e-04
4.230623599140000070e-04
1.572874462000000036e-04
1.191773990290000016e-04
-2.794227038979999822e-04
2.579828142189999731e-04
1.145335336329999940e-04
2.428192528900000046e-04
-2.136938419430000073e-04
-4.673138319049999819e-04
-2.010460448220000062e-04
1.410854310960000114e-04
8.252613770309999658e-05
8.405031258009999741e-05
-1.711794175209999872e-04
6.791959549449999863e-06
3.065892378800000014e-04
2.230170939580000135e-04
2.904029679479999936e-05
-3.276412899140000224e-04
-1.692761725279999941e-04
-2.211983373849999888e-04
6.769312790310000242e-07
-1.720102736730000077e-04
3.429143907849999985e-05
-2.017751394309999881e-04
2.853535115720000023e-04
1.182492778749999999e-04
1.283511664949999885e-04
-1.836793089750000051e-04
-1.419242471459999867e-04
-2.382311358820000046e-04
3.369033947819999742e-05
-1.927666307890000034e-04
7.491196447519999670e-05
-3.118932909269999965e-06
3.775765071620000232e-04
3.689235745699999950e-05
1.364871859550000109e-04
-4.643732972909999713e-05
-1.165071735160000041e-04
-1.347021025140000003e-04
6.497709546240000014e-05
-2.812063903549999965e-04
-1.426348462700000031e-04
-1.219951300300000052e-04
1.653560466370000009e-04
1.297471026190000112e-04
1.494867901779999887e-04
1.999928499570000106e-04
-6.137897344160000107e-06
7.213078788479999328e-05
-5.742329813070000009e-05
6.554479477929999820e-05
-3.912812098860000152e-04
7.345829362750000023e-05
-2.538104890850000224e-04
2.473900967740000020e-04
-1.359967573079999916e-04
2.666951913849999775e-04
-1.361941831420000098e-04
2.952057984660000139e-04
-2.916441590060000187e-04
2.033540658890000037e-04
-3.166968526779999761e-04
-1.834714930739999976e-05
-2.733883738980000234e-04
2.522316062819999778e-04
-8.496066584480000457e-05
5.365641554820000042e-04
5.302555655360000129e-05
-2.819434121190000055e-05
-4.721561708719999775e-05
7.016645395200000557e-05
-6.373155338219999835e-05
-7.730988727419999559e-05
-1.912921725310000093e-04
-1.109795412050000005e-04
-8.900665307010000715e-06
3.526860746209999894e-05
1.287791092179999951e-04
-2.815920561260000100e-05
1.444755907869999976e-04
3.238342105759999863e-05
2.662884617169999967e-05
-2.554512175270000113e-04
1.015330326480000042e-05
-2.392311580479999943e-04
1.529652072349999903e-04
-2.192203392039999900e-04
1.822778576750000077e-04
-1.209846450370000018e-04
2.619399456309999779e-04
-1.538618671469999942e-04
1.469590933989999872e-04
-3.889179788529999746e-04
1.080970687329999962e-04
-2.638315199869999800e-04
1.415064762110000056e-04
-3.292101901019999790e-04
-2.484021024429999968e-06
-2.038329985229999980e-04
2.519851841500000251e-04
-1.926524710139999907e-04
1.274534133700000010e-05
9.071794920600000347e-06
-1.408264506610000099e-04
-1.567109429740000002e-04
-2.306738169859999890e-04
4.218481626590000019e-05
8.320268534590000652e-05
-5.798635811519999714e-06
-5.555721145360000143e-05
2.197233989139999876e-04
-2.528316690590000145e-05
2.991163637489999833e-04
-1.714233803799999878e-04
1.781148603190000162e-05
-2.358116325919999917e-04
-9.630036947779999524e-05
-3.134426660840000070e-04
1.283633318960000129e-04
-1.837805320970000117e-04
2.524586743679999739e-04
7.899776619520000454e-07
2.159278083130000106e-04
-6.721709360140000423e-05
6.016714905849999780e-06
-4.309468567949999965e-05
-1.226718304680000102e-04
-1.306420308540000058e-04
-9.698452049629999639e-05
4.257507953300000274e-06
1.394502323820000103e-04
1.279907883139999873e-04
-3.345927689219999762e-05
6.032826786399999919e-05
-1.657679968049999926e-04
-7.617717346870000203e-05
-1.018461261989999945e-04
-1.773955882530000000e-04
-5.452355253510000106e-06
7.271100912479999830e-05
-5.455425343830000245e-05
-1.145410166710000041e-07
9.218045306619999642e-05
1.632428902670000057e-04
-5.322513243299999738e-05
-4.267137774149999750e-05
-1.720050931910000055e-04
-1.335218112219999998e-04
1.777778561519999917e-05
-1.019174233080000013e-04
1.594083296370000038e-04
1.449683331879999886e-04
2.224115014540000096e-04
1.060367649190000063e-04
-7.247777830339999584e-06
-8.291532867590000171e-05
-1.028786791719999983e-04
-2.338090416739999956e-04
-1.878393813970000029e-04
-7.130233279900000348e-05
-7.860140613049999692e-06
4.541107773549999917e-05
9.768288873599999928e-05
2.081829443340000012e-04
1.955228945009999930e-04
-1.472494773219999948e-06
-3.322634147480000091e-04
-1.532247115390000108e-04
-1.858107571020000011e-04
-1.112249447029999954e-04
-2.828899305310000000e-04
1.831181871239999880e-04
1.516647353130000063e-05
4.202543641440000064e-04
3.224080501239999828e-05
-4.213214924680000007e-05
-8.969327609520000310e-05
8.994687232189999882e-05
-2.030341565839999924e-04
-1.427861570850000078e-04
-3.437842824499999939e-04
5.613558823820000219e-05
-2.376663906030000153e-05
1.246729225389999873e-04
2.114265371349999896e-04
1.552923204140000096e-04
-6.173681867950000225e-06
1.780421916920000154e-05
-3.124972499789999700e-05
-1.586319995109999870e-04
-1.845774240790000031e-04
-2.874972997230000019e-04
-1.904682430900000133e-04
7.310463843169999975e-05
7.538645877500000411e-05
2.108523476639999989e-04
6.365046283459999360e-05
-1.126537335950000036e-05
8.689975948070000555e-05
8.763525693209999585e-05
-1.695888016680000039e-07
-3.283713303970000057e-04
-1.490859285699999985e-04
-1.288883649979999943e-04
7.417584856739999543e-05
3.871003718809999834e-05
7.692218059669999534e-05
-7.057576294760000237e-05
1.410661061530000128e-04
1.447123358959999991e-04
8.423964754909999840e-05
-1.544124243079999885e-04
-2.213124244010000047e-04
-2.647998044270000249e-04
-1.963351969610000098e-04
-1.067790581149999970e-04
1.149147428810000062e-04
-1.434650184820000112e-04
1.754804106889999997e-04
8.590964716859999400e-05
1.623917050890000009e-04
-1.083841634679999982e-04
-1.842891069830000111e-04
-1.583843550179999901e-04
-4.101693775740000020e-05
-1.499289937779999871e-04
4.636945232050000048e-05
-2.048734313579999937e-04
2.412554604229999987e-04
1.842878846219999939e-04
1.201147751999999988e-04
-4.376599099489999713e-05
-7.945575634950000261e-05
-1.328241924059999875e-04
-2.628953079689999887e-04
-1.259960554310000046e-04
-3.472660609990000052e-04
-8.026409341260000484e-05
-5.673322448270000043e-05
8.081422129180000462e-05
-2.477645830370000149e-05
3.231179434810000218e-04
-6.298609605439999882e-06
5.551352660399999834e-05
-2.202192990809999969e-04
-6.193428998810000048e-05
-2.335858589499999877e-04
-8.034304482860000606e-05
-2.234214043709999967e-04
-1.187495035990000029e-05
1.296204427490000016e-04
3.140406333840000015e-04
6.779183604520000450e-05
-5.629865336230000151e-05
-4.651741619450000146e-05
-5.924933793720000083e-05
-7.423239003400000104e-05
-1.747315400280000108e-04
-1.503651146779999938e-04
-2.459888855810000015e-05
8.674481068740000399e-05
1.919593050840000107e-04
9.411491191710000649e-05
7.324177568079999945e-05
1.788120571289999983e-04
-4.843975330000000292e-05
9.587215026839999738e-05
-9.075928392120000295e-05
-1.062132141670000060e-04
-2.293271681990000110e-04
-1.837647459980000062e-06
-4.090581569469999918e-05
1.100054796550000054e-04
3.762689811989999893e-05
2.661864891710000143e-05
1.599333813829999991e-06
2.288163377670000105e-04
3.072061736020000028e-05
-4.499786427910000203e-06
-2.568299823910000137e-04
-1.423455832989999959e-04
-8.057421655390000674e-05
7.801925676179999932e-05
-7.131788152040000560e-05
7.199069659690000215e-05
-2.453781489750000142e-04
1.355038402830000075e-04
1.279530406460000066e-04
1.081610171239999956e-04
-2.841357309079999864e-05
-1.413075660820000085e-04
-2.556796825959999899e-04
5.509804759639999974e-05
-7.332529548880000028e-06
-1.046659453999999997e-04
1.467082038289999892e-04
-1.180256585939999967e-04
-7.163680129449999400e-05
-1.537338903290000054e-05
-1.936184708030000082e-05
-1.339400332650000024e-04
-7.662956340939999984e-05
-1.233565417349999881e-04
1.022796859619999989e-04
9.833603689910000174e-05
2.277268213220000022e-04
-1.688724296399999876e-04
7.676804671059999524e-05
3.650515645859999932e-05
3.593493238439999881e-05
-1.890949934020000128e-04
-4.473293302000000323e-05
-1.382172195009999990e-04
-7.514539174739999472e-05
-1.118575437430000001e-05
9.026358020489999351e-05
1.841177290769999977e-04
1.259034324899999937e-04
2.672437040020000023e-05
2.485199365760000129e-05
4.363285188449999913e-05
-9.160395165959999753e-06
-1.534372568130000123e-04
-1.003856013989999987e-04
-4.983202234139999732e-05
8.747203537499999965e-05
-7.549143629149999751e-05
1.331363455390000082e-04
1.049227066690000055e-04
4.687294131140000306e-05
-1.159559542430000034e-04
-2.443347475489999923e-04
-1.519609504609999997e-04
-8.332673314729999842e-05
-1.375058636769999868e-04
-1.890222338259999922e-04
1.180800754809999982e-04
4.820078174820000022e-05
1.965289266080000048e-04
-9.219253115589999873e-05
-5.459780732050000142e-05
-9.350334585180000073e-05
-7.190319593059999739e-05
-1.917724293889999892e-04
-1.223661674889999916e-04
5.087977115180000097e-05
3.549976099750000105e-05
-7.518646452809999488e-05
-5.736733328380000415e-06
1.060436188709999933e-04
6.000334542479999794e-05
-3.693360849870000245e-05
-3.681950693140000226e-05
-2.428419429629999959e-05
-1.461163774370000112e-04
-2.087830071099999903e-04
-2.054102515100000013e-04
7.850690053599999478e-06
6.639027560599999672e-05
9.280542872149999541e-05
-7.865340739949999347e-05
1.540189696240000029e-04
2.339101774849999991e-05
8.824541146170000456e-05
