 Nom d'utiliateur: comblefa
 Date et heure: 03/04/18 10:40
 Type de mesure : ser
 Nom mesure : vide_hor
 Puissance émission : 0.0

 Mode angulaire : fixe
 Angle fixe : 0
 Angle initial : none
 Angle final : none
 Pas angulaire : none

 Mode en fréquence : balayage
 Fréquence fixe (GHz) : none
 Fréquence minimale (GHz) : 2.5
 Fréquence maximale (GHz) : 17.5
 Nombre de points de mesure : 1601

 Polarisation : HH, HV, VH, VV, 
 Plaque canonique - longueur : none
 Plaque canonique - largeur : none
 Sphère canonique - rayon : none

0.000000000000000000e+00
-7.744672242550000238e-03
-1.411491725590000024e-02
3.264291957019999774e-02
-5.241821333769999813e-02
4.926705732940000332e-02
-9.945619106290000400e-02
1.077596843240000019e-01
-1.245460733769999939e-01
1.310756206510000077e-01
-1.436881870030000119e-01
1.534368395809999897e-01
-1.893548071379999864e-01
1.980159282679999910e-01
-2.133563160899999978e-01
2.385471165180000075e-01
-2.525864541530000174e-01
2.683967947959999822e-01
-2.562105953689999827e-01
2.844535708429999921e-01
-3.141012787820000041e-01
3.210801780220000068e-01
-3.130353391169999888e-01
3.197183609009999761e-01
-3.445796668530000106e-01
3.388680219649999881e-01
-3.384470939640000231e-01
3.332610726360000220e-01
-3.537987172600000063e-01
3.394246995449999860e-01
-3.478540778159999736e-01
3.430821597579999938e-01
-3.293475210669999931e-01
3.169362545009999921e-01
-3.161814212799999857e-01
3.082234859469999977e-01
-2.969497740270000130e-01
2.855210006239999876e-01
-2.707625031470000110e-01
2.593885064129999862e-01
-2.355035990480000008e-01
2.203039824960000004e-01
-1.869798898699999989e-01
1.707375347610000094e-01
-1.388302743429999930e-01
1.362714469430000019e-01
-1.031793877480000066e-01
7.603727281090000290e-02
-5.575739592310000048e-02
2.882843650880000108e-02
1.736925914880000157e-02
-3.932764381170000129e-02
4.378137737510000294e-02
-5.896728858349999797e-02
1.077204421160000009e-01
-1.173696145419999975e-01
1.394887268539999892e-01
-1.818284839390000018e-01
2.014488875869999973e-01
-2.018439769740000000e-01
2.133776396510000117e-01
-2.480736225840000087e-01
2.821241915230000008e-01
-2.722339332100000009e-01
2.976492345330000178e-01
-3.207486271860000016e-01
3.198114037509999785e-01
-3.074948191640000106e-01
3.423231244089999792e-01
-3.398736715319999879e-01
3.352312147620000182e-01
-3.242360055449999834e-01
3.512674868110000070e-01
-3.558907508849999957e-01
3.353698551650000081e-01
-3.125469684600000186e-01
3.182469010349999738e-01
-3.199365437030000092e-01
2.960681319239999998e-01
-2.877511382099999793e-01
2.854922711849999795e-01
-2.684653103349999848e-01
2.427266836170000053e-01
-2.206097245220000058e-01
2.081467509269999960e-01
-1.952207088469999907e-01
1.698342859749999989e-01
-1.575824469329999977e-01
1.367011368269999971e-01
-1.200152114030000050e-01
9.581065177920000675e-02
-8.834832906719999879e-02
5.736341699960000040e-02
-4.169766232370000075e-02
3.369707986710000075e-02
-1.851285807789999904e-02
-6.962602026759999625e-03
2.090271748599999840e-02
-2.929705753919999850e-02
5.363614484669999849e-02
-6.771969795229999811e-02
6.935427337879999932e-02
-8.211534470320000501e-02
9.569946676490000137e-02
-1.021118238570000031e-01
1.124776005739999973e-01
-1.099327728149999961e-01
1.239445805550000029e-01
-1.170027628540000059e-01
1.289403587580000010e-01
-1.280539333819999959e-01
1.285212188959999891e-01
-1.265620738269999934e-01
1.282488405699999945e-01
-1.255677640439999965e-01
1.222447305920000005e-01
-1.196836978200000040e-01
1.218210458759999976e-01
-1.148281022910000032e-01
1.011469811200000068e-01
-1.076705008750000053e-01
1.057815030219999980e-01
-8.838784694670000219e-02
8.127809315919999611e-02
-7.853204011919999450e-02
6.826855987310000151e-02
-5.043002218010000232e-02
4.477879777549999968e-02
-3.935021162030000186e-02
2.804694138469999987e-02
-1.159792300310000072e-02
7.336784619840000347e-03
-2.788222860539999858e-03
-1.077114045619999988e-02
1.840241067109999948e-02
-2.585549093779999918e-02
2.325906045730000149e-02
-2.925842255349999851e-02
3.733610734340000320e-02
-3.883181139829999795e-02
3.588333725929999940e-02
-3.732795268300000135e-02
4.289650172000000067e-02
-4.147052764890000326e-02
3.830371052030000223e-02
-3.791426494720000206e-02
3.626719117160000228e-02
-2.803777344520000034e-02
3.376008570189999863e-02
-3.190926462410000053e-02
1.558752171699999932e-02
-2.092349156740000091e-02
1.769060455259999914e-02
-1.241586543619999962e-02
3.285473911090000011e-03
3.276998642829999885e-03
5.808841437099999776e-03
8.927182294429999998e-03
-1.377222314480000022e-02
1.098829600959999944e-02
-1.732251234350000099e-02
1.975730806589999847e-02
-2.527108415959999910e-02
2.693160623310000140e-02
-2.847286313769999827e-02
2.861019223929999952e-02
-2.758691832419999865e-02
2.699022926390000007e-02
-3.362673148510000182e-02
2.881368435919999874e-02
-2.512809261680000114e-02
2.456955984229999834e-02
-2.372325956820000095e-02
1.630538329480000007e-02
-1.477138977499999929e-02
9.425288066270000320e-03
-1.082964055240000049e-02
1.269296393730000045e-03
2.459657378489999834e-03
-1.135322917249999980e-02
1.752899587149999924e-02
-2.555396966640000045e-02
3.661588951949999726e-02
-4.183892160649999720e-02
5.086890608070000069e-02
-5.759714543819999949e-02
7.278853654859999966e-02
-8.328220993279999984e-02
9.604585170750000456e-02
-1.025303676719999946e-01
1.212776303290000052e-01
-1.251632422210000040e-01
1.476735025639999976e-01
-1.447015106679999941e-01
1.609985232349999962e-01
-1.714945137499999939e-01
1.932691484690000072e-01
-1.901643872259999868e-01
2.063729614020000103e-01
-2.010315209630000044e-01
2.232193499800000092e-01
-2.139707356689999895e-01
2.256956249479999954e-01
-2.238872498270000067e-01
2.308375537400000066e-01
-2.288821935650000028e-01
2.239718735219999868e-01
-2.237705141309999923e-01
2.183577567340000136e-01
-2.130948305129999887e-01
2.083752155299999909e-01
-1.885234415529999930e-01
1.944966912270000015e-01
-1.719713509080000036e-01
1.639363616700000026e-01
-1.540942490099999895e-01
1.421225219960000064e-01
-1.308691203590000018e-01
1.085597649219999933e-01
-9.212657809259999775e-02
8.861021697519999574e-02
-6.725990772249999805e-02
4.052937775849999730e-02
-4.158378764989999893e-02
1.733451895420000041e-02
1.968706419579999866e-05
-2.197393402459999964e-02
3.835655376319999782e-02
-3.640912845730000236e-02
7.145957648749999558e-02
-9.351647645239999362e-02
9.575267881160000327e-02
-1.156986281279999973e-01
1.381217390299999959e-01
-1.525237560269999959e-01
1.551338136200000051e-01
-1.720021218059999968e-01
1.860405802729999947e-01
-1.926908493039999892e-01
2.068388164040000088e-01
-2.069961577649999940e-01
2.217839360240000113e-01
-2.238347828389999905e-01
2.272666990760000005e-01
-2.284497469660000113e-01
2.352383136750000048e-01
-2.296299040320000096e-01
2.324405610560000002e-01
-2.290168255570000089e-01
2.327931970359999880e-01
-2.168136388059999919e-01
2.274830788370000023e-01
-2.035969197749999959e-01
2.115578800440000018e-01
-1.931266784669999903e-01
1.901678442960000048e-01
-1.696924269200000002e-01
1.759016513820000072e-01
-1.421559602019999979e-01
1.433809101580000023e-01
-1.301704198120000044e-01
1.112217158079999990e-01
-9.517050534489999991e-02
9.651773422959999960e-02
-6.971745938060000536e-02
5.382087454199999815e-02
-4.355327412490000299e-02
3.035991452629999837e-02
-1.012481935320000068e-02
3.347143065180000192e-03
1.692704297599999935e-02
-2.982475794850000111e-02
3.875232115390000315e-02
-5.134873092170000319e-02
6.840226054190000349e-02
-7.456373423340000028e-02
7.853495329619999965e-02
-9.542009979490000127e-02
1.002957448359999976e-01
-1.146366596219999950e-01
1.087628602980000025e-01
-1.194555684919999944e-01
1.184941083189999939e-01
-1.321671605109999981e-01
1.254345625640000128e-01
-1.333984583620000108e-01
1.282907426359999881e-01
-1.334180384870000124e-01
1.194072440269999952e-01
-1.240585669879999964e-01
1.215102151039999939e-01
-1.116637066010000012e-01
1.077824980020000017e-01
-1.015577763319999993e-01
9.461118280890000454e-02
-8.663989603520000360e-02
8.263196051120000329e-02
-6.825455278160000305e-02
6.862691044810000085e-02
-5.278117209670000337e-02
4.456660896539999667e-02
-3.784175962209999911e-02
2.252297103400000000e-02
-1.976007036859999885e-02
9.715621359649999692e-03
2.518471563229999956e-03
-8.643313311040000738e-03
1.802211254839999888e-02
-2.909891866149999853e-02
3.092708066110000029e-02
-3.836411610249999826e-02
3.925905749200000322e-02
-4.757877066729999938e-02
5.415591225030000344e-02
-5.250523239370000206e-02
6.207681447269999819e-02
-6.203971803189999717e-02
6.127249822019999875e-02
-6.495822966099999707e-02
6.287188082929999478e-02
-7.052541524170000131e-02
6.515386700630000638e-02
-6.460876017809999428e-02
6.353680789469999535e-02
-5.975372344259999996e-02
5.694494768979999760e-02
-5.786584317679999839e-02
5.029432848100000297e-02
-5.015133693809999821e-02
4.011950269339999847e-02
-3.669978305700000165e-02
3.895153477789999735e-02
-3.100334107880000148e-02
2.643745951349999943e-02
-2.304841764269999899e-02
1.496660709380000058e-02
-1.207187678659999916e-02
9.787861257789999547e-03
-6.623878143729999834e-03
2.847880357880000057e-03
1.846308819950000105e-03
-6.812342442569999622e-03
9.393557906150000816e-03
-1.223890855910000040e-02
1.416987646369999992e-02
-1.153995096679999964e-02
2.075156569479999838e-02
-1.986312493680000152e-02
2.041558921340000041e-02
-1.936775632199999944e-02
2.055348269640000156e-02
-2.305587381120000057e-02
1.868601888420000010e-02
-1.939867250620000080e-02
2.110113203530000064e-02
-1.605980843309999864e-02
1.122695952649999974e-02
-1.085597649219999933e-02
1.469624508169999934e-02
-8.117056451740000539e-03
3.449303330850000092e-03
-2.651394577699999876e-03
-6.697656936009999942e-04
8.098419755699999903e-03
-9.851811453699999693e-03
6.981542799619999858e-03
-1.369605213400000056e-02
1.856561005119999885e-02
-2.117527090010000099e-02
1.991165615620000065e-02
-2.680040337150000132e-02
3.184850141409999863e-02
-2.734209597109999931e-02
2.866235189140000153e-02
-3.425609692929999783e-02
3.167104348540000086e-02
-3.070090152319999988e-02
3.715099021789999845e-02
-3.420501574870000311e-02
3.021052479739999921e-02
-3.004995733499999863e-02
3.271175920959999706e-02
-2.824860811230000060e-02
2.568944729859999956e-02
-1.959411054850000028e-02
2.183362282809999874e-02
-1.498104538770000070e-02
5.483067128810000315e-03
-1.487222593279999977e-02
3.377732122320000092e-03
7.997423410420000101e-03
-1.055340468880000028e-02
1.516512408849999931e-02
-2.103052474560000024e-02
2.740488760170000163e-02
-3.147947043180000098e-02
3.415276482699999838e-02
-5.015659704799999702e-02
5.225066840650000044e-02
-5.247298255559999791e-02
6.186540052290000202e-02
-7.023280858989999764e-02
6.896998733280000626e-02
-7.607261836529999321e-02
7.951366156340000657e-02
-9.108921885489999759e-02
8.351278305050000017e-02
-9.367182105780000323e-02
9.487436711789999644e-02
-9.822928160430000055e-02
9.691017121080000574e-02
-1.035924628379999990e-01
1.015098541980000019e-01
-1.017188429830000046e-01
9.666235744949999709e-02
-1.028137654070000045e-01
9.497830271719999440e-02
-9.130610525610000083e-02
9.432286769150000083e-02
-8.442392945290000394e-02
7.831742614509999700e-02
-7.686633616690000115e-02
6.927771866319999694e-02
-6.299500912430000543e-02
5.511325597760000083e-02
-4.835786670449999936e-02
4.716080427170000339e-02
-2.986700087790000041e-02
2.790755219760000100e-02
-1.877056993540000135e-02
1.403613667939999921e-02
-2.062064828349999875e-03
-3.003679215909999933e-03
1.356585603209999914e-02
-1.652379520240000038e-02
2.450674213469999918e-02
-2.927052788439999872e-02
3.668383136390000049e-02
-4.175857082009999666e-02
4.792713373899999685e-02
-5.201696231959999916e-02
5.758708342910000277e-02
-6.140634790059999737e-02
7.099848985670000057e-02
-6.749687343839999576e-02
7.474280893800000491e-02
-7.433598488569999330e-02
7.912178337569999997e-02
-7.640717178580000435e-02
7.880891859529999544e-02
-8.023933321239999639e-02
7.673752307889999957e-02
-7.609710097310000421e-02
7.503914088009999706e-02
-7.690124958749999795e-02
6.848333030940000066e-02
-6.513241678480000130e-02
6.339218467469999452e-02
-6.159892305729999795e-02
5.074358731510000137e-02
-4.736654832960000144e-02
4.638857766989999687e-02
-3.743851929900000181e-02
2.965609356759999968e-02
-2.464509569109999895e-02
2.057642489669999838e-02
-1.330775767559999948e-02
2.540118061010000067e-03
-2.492604311559999848e-03
-9.233436547219999596e-03
1.814619265500000064e-02
-1.817406155169999996e-02
2.810190618039999991e-02
-3.269881382579999801e-02
4.006733745339999958e-02
-4.217197746040000222e-02
4.884176701310000146e-02
-5.305024608969999972e-02
5.729121714830000267e-02
-5.633480846879999893e-02
6.523391604419999379e-02
-6.633894890550000312e-02
6.521441787479999308e-02
-6.915922462939999571e-02
7.302916795019999407e-02
-6.882370263339999961e-02
6.990319490429999782e-02
-6.685680896039999932e-02
7.133361697199999685e-02
-6.517689675090000689e-02
6.337162107230000230e-02
-6.360626220699999722e-02
5.873455107210000248e-02
-5.287148430940000199e-02
5.189258232709999946e-02
-4.651968926189999770e-02
3.952610865239999938e-02
-3.728863969449999760e-02
3.295426815750000099e-02
-2.959452569479999878e-02
1.938666217029999875e-02
-1.688990555699999840e-02
1.218595169479999921e-02
-6.445371080189999692e-03
1.669721212239999976e-03
2.140451222660000059e-03
-8.890743367370000302e-03
1.342639606449999926e-02
-1.951140724119999892e-02
1.940430887040000066e-02
-2.554047107699999875e-02
2.797652035950000046e-02
-2.965697273610000059e-02
3.523369133470000136e-02
-3.614497557279999773e-02
3.925684466959999952e-02
-4.237742722030000270e-02
3.763742744919999772e-02
-4.039449617270000209e-02
4.131446406250000036e-02
-3.965847194190000313e-02
4.306260496380000247e-02
-3.894731402400000014e-02
3.836968168620000230e-02
-3.859553113579999861e-02
3.373241052030000187e-02
-3.363926336169999892e-02
3.251776844260000077e-02
-2.631649747489999899e-02
2.851388044659999843e-02
-2.309157140549999987e-02
1.612190902229999889e-02
-1.887217909099999855e-02
9.450964629649999740e-03
-8.122346363960000065e-03
7.688855286690000380e-03
2.156851347539999811e-03
1.610066974539999972e-03
4.471864085640000173e-03
-1.263657212260000003e-02
9.288736619060000005e-03
-1.624934747820000122e-02
1.797505840659999882e-02
-1.896572671830000154e-02
2.448490448299999941e-02
-2.343617752190000139e-02
2.559369616209999920e-02
-3.223474323750000203e-02
2.830041944979999960e-02
-2.976181916890000001e-02
3.165076300499999884e-02
-3.164326399560000308e-02
3.173072636129999763e-02
-2.853921614589999961e-02
3.130264207720000191e-02
-3.189184889200000206e-02
2.424495853479999991e-02
-2.812658064070000172e-02
2.576046809549999844e-02
-2.070334739979999908e-02
2.188368886710000127e-02
-1.852802187199999867e-02
1.524875871840000036e-02
-1.373815629629999979e-02
9.192232973870000101e-03
-6.840224377810000082e-03
4.399063065650000125e-03
1.125915208830000069e-03
8.066969458009999941e-04
5.851266439999999909e-03
-9.880414232609999528e-03
9.794589132070000148e-03
-1.546937134119999967e-02
1.741784624760000025e-02
-1.898651942609999935e-02
2.319715730849999935e-02
-2.308840304609999922e-02
2.573258057240000035e-02
-2.697403170169999920e-02
2.874179370699999833e-02
-2.930022589859999915e-02
3.117273002860000003e-02
-3.001973405480000065e-02
3.009423613550000001e-02
-3.078243322670000046e-02
2.949569933120000167e-02
-2.858737856149999937e-02
2.718821912999999993e-02
-2.542388997969999981e-02
2.277061529460000164e-02
-2.241543307899999948e-02
1.823321171100000110e-02
-1.575630903239999894e-02
1.478087902069999925e-02
-1.061651017519999948e-02
6.086760666220000261e-03
-4.256248008459999864e-03
1.210464048200000052e-03
3.847423242410000048e-03
-5.524492822590000227e-03
7.899076677860000437e-03
-1.440893393009999926e-02
1.559256948530000041e-02
-1.916182786230000157e-02
2.292185649279999959e-02
-2.543601766230000130e-02
2.890700474380000079e-02
-2.870727702979999907e-02
3.245455026630000156e-02
-3.571142256260000092e-02
3.490634262560000228e-02
-3.777334094049999980e-02
3.912807255979999788e-02
-3.896916285160000049e-02
3.936021029950000083e-02
-3.792341426009999961e-02
3.940969705579999705e-02
-3.852481395009999671e-02
3.618682175869999962e-02
-3.742441534999999680e-02
3.421749547120000318e-02
-3.244512900709999731e-02
3.034849651160000106e-02
-2.823291346429999960e-02
2.388973906640000019e-02
-2.095998451110000008e-02
1.917039789259999960e-02
-1.612939685580000101e-02
1.172963716089999928e-02
-8.029101416469999405e-03
6.035263184460000138e-03
-2.377722412350000147e-03
-2.609788672999999951e-03
4.537465050820000192e-03
-8.687783963979999260e-03
1.279238983989999974e-02
-1.610842905939999931e-02
2.049623429779999853e-02
-2.386608161029999883e-02
2.751857042309999862e-02
-3.260067105290000156e-02
3.357822075490000252e-02
-3.695440292359999934e-02
4.091957584019999955e-02
-4.118548706169999907e-02
4.508917406199999811e-02
-4.628505557780000085e-02
4.791382327680000081e-02
-5.110727623110000034e-02
4.718554764990000316e-02
-5.079096183179999946e-02
5.068590864539999907e-02
-4.756267368790000061e-02
5.019143223760000327e-02
-4.743591696019999748e-02
4.653072729709999827e-02
-4.522902891040000289e-02
4.136612266300000035e-02
-4.080034047370000028e-02
3.630826994780000233e-02
-3.304337710139999829e-02
3.303373977540000062e-02
-2.687810361390000069e-02
2.479841746390000143e-02
-2.064566873010000025e-02
1.621141657229999838e-02
-1.498951762910000034e-02
7.097513414920000006e-03
-5.944532807919999766e-03
4.161163698879999720e-03
4.536965861920000224e-03
-4.003597889099999585e-03
7.152670994399999704e-03
-1.283637993040000029e-02
1.221151836220000023e-02
-1.889730431139999972e-02
1.886331476269999946e-02
-2.125327661629999865e-02
2.662500739099999889e-02
-2.424584329130000104e-02
2.838568761939999976e-02
-3.047614544630000005e-02
2.911150641739999878e-02
-3.172141313549999703e-02
3.145108744499999776e-02
-3.126402571800000058e-02
3.324767947199999685e-02
-3.108759596940000036e-02
3.217969834800000345e-02
-3.078119456769999943e-02
2.608134225010000015e-02
-2.866576425730000058e-02
2.641923911869999836e-02
-2.233264595270000041e-02
2.276669815180000153e-02
-1.840805448590000087e-02
1.628741808240000144e-02
-1.426649279890000038e-02
9.503705427050000709e-03
-8.692177012560000499e-03
4.327396862210000292e-03
-1.088409568180000045e-03
-1.599052920939999936e-03
4.505489021540000361e-03
-8.231845684350000067e-03
1.142640225589999954e-02
-1.512134913360000006e-02
1.701508276159999916e-02
-2.029969729479999888e-02
2.171263657509999931e-02
-2.496042288839999887e-02
2.656196057800000107e-02
-2.857623249289999862e-02
2.973723039030000057e-02
-3.221060335639999717e-02
3.239119425419999948e-02
-3.422420099379999692e-02
3.303702548149999724e-02
-3.410672023889999710e-02
3.475173190240000293e-02
-3.354300186039999715e-02
3.358958661559999920e-02
-3.029254265129999873e-02
3.182195872069999709e-02
-2.876850590109999994e-02
2.584209293129999946e-02
-2.527984231709999932e-02
2.192478254440000107e-02
-2.026278153059999851e-02
1.634499430660000044e-02
-1.469659525900000006e-02
1.287213992330000015e-02
-7.242144085469999840e-03
5.909272003919999877e-03
-2.344689099120000030e-03
-1.180694089269999957e-03
4.162314813579999669e-03
-7.191609125580000240e-03
1.079052593560000071e-02
-1.371810026470000020e-02
1.827787235380000028e-02
-1.957258768380000166e-02
2.337632700799999880e-02
-2.792654931549999955e-02
2.842657268050000074e-02
-3.017521090809999890e-02
3.337677195670000346e-02
-3.452452644710000268e-02
3.480249270800000322e-02
-3.977690637109999872e-02
3.914252668619999653e-02
-4.195579886439999850e-02
4.084157198669999961e-02
-4.257370531560000088e-02
4.369727894659999889e-02
-4.279478266839999850e-02
4.204876348380000295e-02
-4.397098347540000229e-02
4.168828576800000241e-02
-4.081782326100000247e-02
4.040049761529999894e-02
-3.835176676509999966e-02
3.742704167960000244e-02
-3.491956740620000277e-02
3.287927806379999790e-02
-3.188947215679999864e-02
2.955210022630000086e-02
-2.597634494299999944e-02
2.432761527600000098e-02
-2.041389979420000014e-02
1.885363273319999936e-02
-1.460528187449999966e-02
1.383125595750000006e-02
-9.170945733790000776e-03
7.082675583659999753e-03
-4.138219635929999904e-03
2.539891051129999824e-03
5.491326446640000525e-04
-3.198498394340000030e-03
4.512457177039999948e-03
-6.609770469370000387e-03
9.900122880940000550e-03
-9.872319176790000234e-03
1.217726804320000064e-02
-1.362359244380000056e-02
1.510392781349999963e-02
-1.567037403579999919e-02
1.676307991150000065e-02
-1.671224273740000085e-02
1.805728487670000063e-02
-1.728165335950000020e-02
1.802810654040000113e-02
-1.771053485570000044e-02
1.580630987879999907e-02
-1.680324040350000131e-02
1.508622709659999950e-02
-1.438827347010000063e-02
1.347889471799999968e-02
-1.251626294110000023e-02
9.814408607780000099e-03
-9.563324972990000852e-03
7.529734633859999811e-03
-5.792766343800000162e-03
3.824382554739999898e-03
-3.047126345339999914e-03
5.428130971269999735e-04
5.922563141210000336e-04
-2.722114091740000016e-03
3.655094187710000112e-03
-5.686690565199999971e-03
7.841722108419999296e-03
-7.234306074680000274e-03
1.113555114719999919e-02
-1.050278451289999963e-02
1.161257736379999947e-02
-1.393241621549999934e-02
1.290574017909999933e-02
-1.506509073080000011e-02
1.411496382210000039e-02
-1.479782722889999916e-02
1.553757488729999928e-02
-1.432590652260000083e-02
1.522796787320000039e-02
-1.397450640799999949e-02
1.459994073959999979e-02
-1.293889433150000046e-02
1.241107657550000014e-02
-1.159653998909999928e-02
9.921402670439999696e-03
-1.034987065940000048e-02
6.994622293860000388e-03
-6.154564209279999969e-03
6.631162483250000253e-03
-3.506214125079999862e-03
1.874003908600000096e-03
-1.250561675989999948e-03
-1.880042400440000015e-04
1.998680410910000111e-03
-3.684421302750000207e-03
4.441307857630000244e-03
-6.320321932439999617e-03
6.858334410939999695e-03
-9.901192970570000737e-03
8.293273858730000614e-03
-1.089254394170000029e-02
1.147838961329999963e-02
-1.089006476100000051e-02
1.352426130320000079e-02
-1.214359607549999991e-02
1.327260676770000009e-02
-1.249922439460000000e-02
1.325393747539999924e-02
-1.288095954810000027e-02
1.150006894019999990e-02
-1.197504904119999977e-02
1.196668483320000032e-02
-8.234032429749999979e-03
1.020440272989999939e-02
-7.997525855900000299e-03
5.044463556259999766e-03
-5.155284423379999890e-03
4.093118011949999774e-03
-1.099949353369999950e-03
-1.012700813590000062e-04
2.398091135549999808e-03
-2.341588726269999785e-03
5.802244413639999661e-03
-7.131970487530000374e-03
8.748974651099999944e-03
-1.149634830650000071e-02
1.191496849059999960e-02
-1.381739694629999932e-02
1.671263575549999936e-02
-1.581927388910000024e-02
1.932809501889999962e-02
-1.934695057569999974e-02
2.052077092230000094e-02
-2.256809175010000140e-02
2.115310542290000165e-02
-2.401464059949999855e-02
2.358753979210000129e-02
-2.429940924049999937e-02
2.450777217750000139e-02
-2.363211475310000170e-02
2.382610552010000146e-02
-2.347295731309999994e-02
2.163375355299999858e-02
-2.153247408569999854e-02
2.085256576540000031e-02
-1.805150881410000005e-02
1.742470636960000152e-02
-1.588184200230000065e-02
1.277305185789999985e-02
-1.229532435539999920e-02
8.876962587240000077e-03
-7.552491500969999577e-03
5.103442817930000340e-03
-1.755581586619999954e-03
1.109451288359999954e-03
3.177412552760000217e-03
-5.088836885990000343e-03
7.078223396090000015e-03
-1.025133300570000086e-02
1.274574361739999953e-02
-1.537059433759999962e-02
1.733971759679999933e-02
-1.978227309879999896e-02
2.206430770460000163e-02
-2.281524427240000027e-02
2.616720460359999931e-02
-2.701409719880000157e-02
2.799866162240000067e-02
-2.982896566389999990e-02
3.086644783619999985e-02
-3.138675540690000210e-02
3.248024731870000070e-02
-3.216719999909999766e-02
3.262905031439999881e-02
-3.241558000449999699e-02
3.252697736020000036e-02
-3.258565068239999835e-02
3.100553899999999863e-02
-3.103477507829999898e-02
2.928687073290000067e-02
-2.811877802009999858e-02
2.687349729239999971e-02
-2.614016085859999922e-02
2.206431329249999851e-02
-2.255652099850000147e-02
1.789355836809999878e-02
-1.855817064639999833e-02
1.329807098949999968e-02
-1.183447986839999966e-02
9.492421522739999742e-03
-6.688467692580000318e-03
2.853218466039999807e-03
-2.317019039769999816e-03
-3.644939279180000116e-03
3.373779589310000031e-03
-8.213445544240000062e-03
9.886077605190000603e-03
-1.266313716769999938e-02
1.603853516279999877e-02
-1.700145006180000043e-02
1.955943182109999914e-02
-2.345759421590000102e-02
2.275489456950000045e-02
-2.608944289390000004e-02
2.634899131950000153e-02
-2.725818008180000071e-02
3.005035035310000061e-02
-2.826980687679999868e-02
3.018501773480000011e-02
-3.140882402660000183e-02
2.943094633519999920e-02
-3.159889578820000017e-02
2.988762035969999911e-02
-2.952274121340000071e-02
2.941048704090000118e-02
-2.682200632989999861e-02
2.807042188939999974e-02
-2.555550634860000170e-02
2.423172444109999990e-02
-2.302876487370000141e-02
2.069819718600000163e-02
-1.924207806590000000e-02
1.781880483029999948e-02
-1.476023904980000058e-02
1.421173289419999999e-02
-1.055846177040000063e-02
9.035531431439999470e-03
-7.406279910360000045e-03
3.865452483299999971e-03
-2.269078046079999952e-03
3.340420371389999895e-04
1.982452813540000122e-03
-3.079186892140000145e-03
6.120895966889999817e-03
-8.826895616949999301e-03
8.304202929139999426e-03
-1.220018789169999979e-02
1.194375380870000072e-02
-1.451467536389999986e-02
1.525417529050000082e-02
-1.626287773250000013e-02
1.845709420740000023e-02
-1.760149560869999838e-02
1.904872246089999929e-02
-1.988090202210000129e-02
1.911185309289999829e-02
-2.004269137979999837e-02
1.967088878150000109e-02
-1.940908841790000075e-02
1.925824396310000033e-02
-1.869894750420000168e-02
1.766041293740000170e-02
-1.656317710879999863e-02
1.567710377279999887e-02
-1.415179111060000001e-02
1.401212438939999916e-02
-1.121149212119999967e-02
1.062478031959999958e-02
-9.086815640330000651e-03
7.623474579300000206e-03
-5.062211304899999834e-03
4.042550921439999612e-03
-2.214248990639999977e-03
1.060587819670000048e-03
1.618932699780000015e-03
-1.899312366730000106e-03
3.660893999040000166e-03
-5.351398605849999775e-03
6.666046567260000381e-03
-6.955534685399999972e-03
9.458689019080000759e-03
-9.928981773560000695e-03
1.044822018589999964e-02
-1.128591038289999959e-02
1.199389342219999918e-02
-1.309633720670000043e-02
1.197868678720000017e-02
-1.339254621419999972e-02
1.359190233050000009e-02
-1.212397217749999929e-02
1.253613736480000025e-02
-1.358322799209999918e-02
1.166108809410000037e-02
-1.181836426260000038e-02
1.086777355519999953e-02
-1.056003943089999994e-02
9.496608749029999616e-03
-7.604428101329999828e-03
7.888322696089999572e-03
-6.731813773509999661e-03
4.487476777290000385e-03
-4.570325836539999680e-03
3.546633990480000092e-03
-1.342664356339999965e-03
-1.784696505639999980e-04
2.320538769709999921e-04
-1.450779498550000025e-03
3.888626117259999949e-03
-4.377931356429999935e-03
5.279673263430000388e-03
-6.543974392119999810e-03
7.721707224850000127e-03
-8.694580756129999255e-03
9.102161042390000470e-03
-1.034349855039999946e-02
1.141759846359999969e-02
-1.096476707609999983e-02
1.188017521049999914e-02
-1.189859677110000069e-02
1.247878838330000045e-02
-1.155436318369999944e-02
1.222200039769999989e-02
-1.182772126049999942e-02
1.098916307090000086e-02
-1.059545017779999973e-02
1.031678635629999959e-02
-9.378827176990000083e-03
7.584294769909999574e-03
-8.068968541919999474e-03
6.669463589790000299e-03
-5.002912133929999887e-03
4.600337706510000159e-03
-3.099070629100000168e-03
1.852424000389999966e-03
-7.667671889069999731e-04
-1.153782126490000013e-03
6.489874795079999962e-04
-4.031747579570000087e-03
3.862363984810000209e-03
-4.371248651300000364e-03
6.883900146930000373e-03
-6.425149273130000178e-03
8.290005847810000619e-03
-8.710967376829999512e-03
9.164655581120000061e-03
-1.019005198029999948e-02
1.013622619210000075e-02
-1.061497442420000076e-02
1.066208630799999994e-02
-1.085711922499999968e-02
1.088048610840000076e-02
-1.035292632879999952e-02
1.041041500870000004e-02
-9.643730707470000649e-03
9.446983225640000550e-03
-8.071850053970000549e-03
7.644145749509999831e-03
-6.223740987479999855e-03
5.637632217259999981e-03
-4.243231378499999658e-03
2.820746041829999811e-03
-1.653490355240000041e-03
2.182244788859999905e-04
1.347106415780000097e-03
-2.293077297509999845e-03
4.946874454620000042e-03
-5.647812038659999999e-03
7.550353650000000104e-03
-9.393497370180000153e-03
1.031767949459999958e-02
-1.285332813860000020e-02
1.336929854009999939e-02
-1.573547162119999857e-02
1.714929379519999908e-02
-1.839459501210000125e-02
1.950161717829999863e-02
-2.120468951759999984e-02
2.223379537460000097e-02
-2.397040091449999938e-02
2.427556179460000144e-02
-2.508138492699999930e-02
2.614735253159999884e-02
-2.615427225829999869e-02
2.653985098000000153e-02
-2.759845927359999909e-02
2.670409716670000058e-02
-2.741407789289999897e-02
2.696530707180000083e-02
-2.661645226180000059e-02
2.599373459820000093e-02
-2.514147013430000077e-02
2.518419548870000010e-02
-2.360687218610000096e-02
2.157275751229999899e-02
-2.115032263100000143e-02
1.928628794849999994e-02
-1.770425587889999999e-02
1.546529401090000061e-02
-1.400822494180000051e-02
1.211939007040000078e-02
-9.616320952769999431e-03
7.735116407279999870e-03
-6.428895052520000077e-03
4.599623847750000140e-03
-3.707102267070000109e-03
3.790629561990000221e-04
-2.384419167360000012e-05
-2.086627529929999808e-03
4.980061668899999662e-03
-4.317156039180000335e-03
7.090118713679999934e-03
-8.962850086390000692e-03
8.583258837460000512e-03
-1.105221826579999914e-02
1.274223718789999939e-02
-1.317387260499999942e-02
1.456427760419999953e-02
-1.545229554180000027e-02
1.624116860330000051e-02
-1.717592030759999833e-02
1.663083396850000006e-02
-1.769850589329999974e-02
1.843111030760000157e-02
-1.655897684400000139e-02
1.821317523720000081e-02
-1.789780147370000074e-02
1.622580178079999907e-02
-1.690440997479999985e-02
1.531052403149999949e-02
-1.473009586329999954e-02
1.490820571780000076e-02
-1.133359316739999956e-02
1.205465663219999935e-02
-1.040248665960000034e-02
8.251427672800000154e-03
-7.843392901119999178e-03
4.574553575370000208e-03
-4.577306564899999777e-03
2.581935375929999849e-03
-3.076189022979999963e-04
-5.575405084530000045e-04
3.150253091009999878e-03
-4.048427566889999628e-03
5.306725390259999647e-03
-7.526644971220000126e-03
7.830478250980000762e-03
-9.932904504239999793e-03
1.041213050480000075e-02
-1.173978392029999956e-02
1.330456789579999993e-02
-1.358403079210000058e-02
1.365199312570000018e-02
-1.461873669179999946e-02
1.568186469380000031e-02
-1.598000898959999957e-02
1.581840030849999967e-02
-1.584284938869999840e-02
1.650215126569999982e-02
-1.555427536370000002e-02
1.485719438639999945e-02
-1.538378745319999956e-02
1.444278005509999976e-02
-1.359050720929999914e-02
1.309815142300000020e-02
-1.174108218399999917e-02
1.198367681350000040e-02
-9.329449385400000183e-03
9.924416430289999952e-03
-8.097631856799999972e-03
6.062163040039999715e-03
-5.976079963150000320e-03
4.638869315390000032e-03
-2.323719440029999982e-03
1.917831716129999968e-03
5.664594937120000532e-04
-1.219143305209999993e-04
3.475006436930000095e-03
-4.447073675689999783e-03
3.812029957769999793e-03
-6.893627811220000290e-03
7.462818175550000287e-03
-8.112371899190000402e-03
9.788380004470000062e-03
-9.999394416809999700e-03
1.148562878370000019e-02
-1.227334514259999926e-02
1.192871574309999939e-02
-1.395457983020000070e-02
1.334673818200000049e-02
-1.344888564200000074e-02
1.447504479440000005e-02
-1.401382498440000013e-02
1.392005011439999967e-02
-1.445492543279999938e-02
1.308556459840000061e-02
-1.386452279979999945e-02
1.230025943370000041e-02
-1.225787773729999919e-02
1.180299744010000068e-02
-1.067312341179999999e-02
9.352671913800000847e-03
-9.919438511130000344e-03
7.436676416549999925e-03
-7.339451462029999637e-03
6.010388024149999897e-03
-5.152804777029999783e-03
4.056095145640000073e-03
-3.147929674009999988e-03
1.458642422220000076e-03
-1.080453395839999983e-03
-2.760722709350000030e-04
1.643270836209999959e-03
-2.274140249940000136e-03
3.515028860419999908e-03
-3.918807487930000069e-03
5.614849738779999731e-03
-5.415395367889999645e-03
6.645855959500000278e-03
-7.388639263809999684e-03
6.981355603779999808e-03
-8.074199780819999589e-03
8.906701579690000370e-03
-7.789438124750000352e-03
8.965248242019999841e-03
-9.093810804190000097e-03
8.857279084619999396e-03
-9.128564037380000606e-03
8.130266331139999678e-03
-8.929220959539999405e-03
7.683458272369999599e-03
-7.713417522609999737e-03
7.444634102279999895e-03
-6.356948055330000416e-03
6.467000115660000333e-03
-5.976685322819999709e-03
4.163070116189999947e-03
-4.365517757830000324e-03
3.100382396949999831e-03
-2.561310073360000168e-03
1.845025341029999950e-03
-8.315250743179999470e-04
2.265904768139999966e-04
5.253776325839999879e-04
-1.234799507070000104e-03
2.162294695149999998e-03
-3.232496557760000146e-03
2.906620968130000163e-03
-3.868710249660000169e-03
4.835428204389999839e-03
-4.754086956379999750e-03
5.168235395099999782e-03
-5.729380529370000155e-03
5.897929426279999686e-03
-6.234369706360000027e-03
6.385958753530000288e-03
-5.784568842499999801e-03
6.795937195419999785e-03
-5.539227277040000182e-03
6.051600910720000143e-03
-5.343937315049999970e-03
4.746322985739999910e-03
-4.636908415699999945e-03
3.907374572010000047e-03
-2.913045231250000009e-03
3.125783521680000013e-03
-1.335154403929999980e-03
1.096864347350000020e-03
-4.096603661309999801e-04
-9.385737939739999909e-04
1.620261464270000059e-03
-2.221018075939999899e-03
2.917275531219999836e-03
-4.155952949079999570e-03
4.982445854689999606e-03
-5.900947377089999987e-03
6.516201421620000309e-03
-7.878997363150000086e-03
7.988205179569999453e-03
-8.981496095659999290e-03
9.370545856650000158e-03
-1.025686133650000054e-02
1.047668699180000045e-02
-1.163034234199999961e-02
1.128769852220000078e-02
-1.206990797070000079e-02
1.226508151740000017e-02
-1.282258704299999927e-02
1.237345486879999970e-02
-1.226996351030000022e-02
1.266610715539999953e-02
-1.205497514459999940e-02
1.145308371629999954e-02
-1.180386729540000047e-02
1.010040473189999927e-02
-9.643532335759999463e-03
9.644073434169999834e-03
-7.932116277519999509e-03
7.019340991969999846e-03
-5.759404040870000178e-03
5.558086559180000323e-03
-3.394958330320000089e-03
2.650687703859999893e-03
-1.778535312040000101e-03
3.170418203810000061e-04
1.923103001899999914e-03
-1.536112627950000009e-03
3.279081312939999965e-03
-4.457615781580000214e-03
5.328240338709999864e-03
-6.239705253389999859e-03
7.709016557780000098e-03
-8.024189621209999387e-03
9.079337120059999960e-03
-9.432899765669999423e-03
1.061229873449999993e-02
-1.119800284500000083e-02
1.145744044330000017e-02
-1.256376877430000032e-02
1.186331920330000074e-02
-1.327054109420000051e-02
1.249458640810000021e-02
-1.305318344379999967e-02
1.265753060580000061e-02
-1.311056315899999936e-02
1.203744672239999945e-02
-1.297480706129999946e-02
1.077686715870000006e-02
-1.149060577150000026e-02
1.012943219389999920e-02
-9.705188684170000177e-03
8.534413762389999464e-03
-8.122722618280000736e-03
6.574569735680000152e-03
-6.114078685639999858e-03
4.404531326140000147e-03
-3.697730135169999960e-03
2.215241082010000091e-03
-6.928340881129999972e-04
2.364511601629999923e-05
1.867933548059999950e-03
-2.922288142140000173e-03
3.994056023660000343e-03
-5.317019298670000275e-03
6.545185111460000323e-03
-7.684626616540000434e-03
8.800896815959999980e-03
-9.351506829259999959e-03
1.099882647400000045e-02
-1.166820339860000048e-02
1.275172643359999934e-02
-1.340677775440000073e-02
1.441520359370000032e-02
-1.454804185780000057e-02
1.563694886859999869e-02
-1.469735614960000075e-02
1.674408651890000113e-02
-1.546893641350000070e-02
1.694259792569999951e-02
-1.580416411159999909e-02
1.643954031170000163e-02
-1.485143043100000011e-02
1.569867134090000005e-02
-1.447024662049999945e-02
1.414460502560000062e-02
-1.353157870470000045e-02
1.310853194450000044e-02
-1.205440983180000071e-02
1.029411423949999974e-02
-9.977924637499999833e-03
8.264135569330000389e-03
-7.605466991659999738e-03
6.164197344330000009e-03
-5.325142759829999857e-03
2.922185929490000045e-03
-2.502529649060000055e-03
4.116102354599999926e-04
8.588591299490000040e-05
-1.802836777640000072e-03
3.046230413020000177e-03
-3.605210222300000208e-03
5.258738994600000230e-03
-6.893438287080000393e-03
6.998530589040000138e-03
-8.499381132420000609e-03
8.720492012800000470e-03
-1.012576930219999914e-02
1.023925468329999963e-02
-1.111563108859999968e-02
1.206182502210000063e-02
-1.231669634579999999e-02
1.255858782679999952e-02
-1.264652144160000047e-02
1.256333757190000039e-02
-1.254426874220000016e-02
1.293530967089999949e-02
-1.227612048389999967e-02
1.266928575930000023e-02
-1.203991286460000081e-02
1.176801137629999994e-02
-1.071633864190000077e-02
1.079517416660000055e-02
-9.185113944110000206e-03
9.396830573679999452e-03
-7.967922836539999276e-03
7.974769920109999952e-03
-6.253385916350000413e-03
5.677745677529999653e-03
-4.366037435830000257e-03
3.437459236010000085e-03
-2.232470549640000034e-03
1.353624276819999969e-03
-3.625858225859999789e-04
-2.267173658770000070e-05
2.243997063489999895e-03
-2.355620032180000094e-03
3.775457385930000055e-03
-4.842693451789999853e-03
4.748702514920000346e-03
-6.384902168070000217e-03
6.627364084120000200e-03
-8.320111781360000833e-03
8.091122843330000522e-03
-8.846521377560000177e-03
9.610632434490000431e-03
-9.464815258980000326e-03
9.784019552170000397e-03
-1.085885148499999946e-02
9.961942210789999710e-03
-1.081500761210000064e-02
1.011662371460000064e-02
-1.029960997399999995e-02
9.692368097600000815e-03
-9.826325811449999545e-03
9.166229516270000405e-03
-8.904701098800000408e-03
8.512361906469999295e-03
-7.743649184700000104e-03
7.335622794930000273e-03
-6.194980815049999819e-03
5.594333633779999780e-03
-5.189993884409999612e-03
3.906488884240000292e-03
-3.341369330879999898e-03
2.666979795319999839e-03
-1.400846405890000075e-03
1.128972508009999957e-03
2.346573892279999959e-04
-4.604699497579999739e-04
1.499381032769999973e-03
-2.123947255309999865e-03
2.792121144009999945e-03
-3.570328233759999855e-03
3.958000801499999763e-03
-4.754668101669999765e-03
5.722260568289999974e-03
-5.596630740910000026e-03
6.324565038079999965e-03
-5.900563672180000191e-03
6.694225594400000402e-03
-7.017063442620000147e-03
6.729667540639999723e-03
-7.192641030999999928e-03
7.228247355669999673e-03
-6.893500685689999893e-03
6.904408335690000002e-03
-6.764830090109999645e-03
6.225404795259999700e-03
-5.838713608680000215e-03
5.433205049479999937e-03
-5.580063909289999756e-03
3.490979550410000087e-03
-4.203840158879999789e-03
2.826453186569999939e-03
-2.575927181170000000e-03
1.835717819630000103e-03
-1.330885454079999914e-03
2.300932101210000069e-04
-1.310782972720000062e-04
-1.189441652969999968e-03
1.707134768369999913e-03
-2.513703657310000211e-03
2.870311960580000047e-03
-3.667709184810000102e-03
4.375177435580000079e-03
-4.867754410949999902e-03
5.138211417939999616e-03
-5.846868734810000030e-03
6.376336794349999650e-03
-6.375509779900000173e-03
7.330482359979999946e-03
-6.717357784509999687e-03
7.397329900410000263e-03
-7.749840617179999842e-03
7.224536035209999998e-03
-7.628986611959999962e-03
7.128779310729999909e-03
-6.826088763769999623e-03
7.309386506680000221e-03
-6.159063428639999574e-03
6.623005028809999910e-03
-5.785783752800000360e-03
5.617138929669999656e-03
-4.756380803880000049e-03
4.200376104560000004e-03
-3.830568864940000172e-03
3.129737218839999998e-03
-2.336415229370000096e-03
2.265681745480000071e-03
-9.157168678939999525e-04
3.275068011130000253e-04
2.261142217319999997e-04
-1.272361609150000038e-03
1.423551817420000073e-03
-2.734875772150000082e-03
2.824283204970000089e-03
-4.048815928399999986e-03
4.089323803779999766e-03
-4.874449223279999840e-03
5.428586620840000071e-03
-6.152119021860000085e-03
4.864039365200000138e-03
-7.439671549949999733e-03
7.057030219579999743e-03
-7.311789784579999889e-03
7.450472563509999598e-03
-7.867697626349999529e-03
7.754815742369999647e-03
-7.244640495629999823e-03
7.504812441770000384e-03
-7.207878865300000083e-03
6.955527700479999936e-03
-6.818279158320000345e-03
6.193664390590000214e-03
-5.449460819359999708e-03
5.313126370310000159e-03
-4.467871505769999661e-03
4.159723408519999666e-03
-3.184833098199999976e-03
3.047521458939999803e-03
-2.626562025400000066e-03
1.209280220790000075e-03
-6.175195449029999674e-04
-3.499353770169999793e-04
6.794875953350000422e-04
-1.577038085089999941e-03
2.781618153680000174e-03
-3.283573081719999825e-03
4.587880801409999904e-03
-4.774062428619999660e-03
6.337905302640000314e-03
-6.647433619949999657e-03
7.871236652140000192e-03
-7.176942192020000118e-03
8.931103162470000259e-03
-9.429574012759999249e-03
9.682798758150000518e-03
-1.032213680450000046e-02
1.029549911620000063e-02
-1.113550178710000053e-02
1.113309431820000070e-02
-1.098749134690000032e-02
1.106533128770000041e-02
-1.131604239340000019e-02
1.097553502770000008e-02
-1.124722231180000018e-02
1.000524498519999965e-02
-1.078176591549999917e-02
