 Nom d'utiliateur: comblefa
 Date et heure: 03/04/18 10:40
 Type de mesure : ser
 Nom mesure : vide_hor
 Puissance émission : 0.0

 Mode angulaire : fixe
 Angle fixe : 0
 Angle initial : none
 Angle final : none
 Pas angulaire : none

 Mode en fréquence : balayage
 Fréquence fixe (GHz) : none
 Fréquence minimale (GHz) : 2.5
 Fréquence maximale (GHz) : 17.5
 Nombre de points de mesure : 1601

 Polarisation : HH, HV, VH, VV, 
 Plaque canonique - longueur : none
 Plaque canonique - largeur : none
 Sphère canonique - rayon : none

-2.100063301620000086e-02
1.413773745299999954e-02
-1.564463973049999915e-02
1.956570334730000152e-02
-1.648967340590000094e-02
7.093750871720000233e-03
-1.054742094129999981e-02
4.715903196480000260e-03
-5.376755725589999965e-03
3.207112895319999806e-03
7.078642956910000030e-04
-8.568592020309999651e-04
1.120524480939999977e-03
-6.987287662920000156e-03
1.291871350259999988e-02
-1.722643151879999987e-02
1.664446666839999867e-02
-2.032997459169999868e-02
2.449434436859999897e-02
-2.233019284900000095e-02
2.677467465399999830e-02
-3.093065507710000134e-02
3.195455297830000069e-02
-3.040063008669999928e-02
3.130773827430000100e-02
-3.197034075860000213e-02
3.519317880270000226e-02
-3.261470794679999924e-02
3.143984079360000183e-02
-2.792535535990000109e-02
2.953829988839999990e-02
-3.147778660060000094e-02
2.978803217410000079e-02
-2.758123911920000101e-02
2.198017016049999897e-02
-2.346543967719999860e-02
2.684608846899999915e-02
-2.527878992259999930e-02
1.973260194059999958e-02
-1.564399152989999833e-02
1.935296691949999967e-02
-1.735452003780000099e-02
1.315736677500000014e-02
-1.430930662900000046e-02
1.433254778389999977e-02
-1.144129689779999938e-02
1.166159007699999958e-02
-1.469717640430000076e-02
1.353036053479999938e-02
-1.401715446260000039e-02
1.705025695259999863e-02
-1.870227418839999836e-02
1.750797405839999918e-02
-1.495880912990000047e-02
1.667400263250000056e-02
-2.002581208939999829e-02
1.823287457229999867e-02
-1.771997101600000096e-02
2.176922745999999853e-02
-2.308982610699999993e-02
2.374937571589999866e-02
-2.456723153589999986e-02
2.587461285289999885e-02
-2.619119547310000060e-02
3.056189045309999977e-02
-2.979788184169999965e-02
2.905697003010000029e-02
-2.552437037230000094e-02
2.461163327100000103e-02
-2.116931788619999880e-02
1.869971677660000123e-02
-1.740926690399999949e-02
1.754911430179999926e-02
-1.594778709110000053e-02
1.268212869759999945e-02
-1.343314442779999958e-02
1.348416879769999931e-02
-1.242028176780000069e-02
1.423421595250000046e-02
-1.363667752590000046e-02
1.281042676419999991e-02
-9.584853425620000131e-03
5.644197575749999862e-03
-8.598390966650000522e-03
1.155418530110000064e-02
-6.497050635520000214e-03
5.947539117189999842e-03
-1.266944129019999948e-02
1.061605755240000067e-02
-4.741173703220000028e-03
1.971923978999999983e-03
-3.683357732370000099e-03
3.554381662980000012e-03
4.256424959749999931e-03
-3.265290288249999943e-03
1.438366714859999921e-03
-3.925779368730000427e-03
6.662884261460000346e-03
-4.059267695990000091e-03
6.225064396860000362e-03
-7.520567160099999801e-03
4.972338210789999796e-03
-6.506008096040000362e-03
9.789448231459999678e-03
-8.905556052920000215e-03
6.209435407070000232e-03
-7.579500786960000069e-03
1.392769068479999921e-02
-1.243791822340000082e-02
8.630645461379999467e-03
-9.093842469160000330e-03
1.350083015859999958e-02
-1.013873796910000000e-02
8.114916272460000538e-03
-8.106505498289999501e-03
7.843801751730000368e-03
-1.113643404100000088e-03
-7.552918395959999859e-04
-4.796056542549999649e-03
2.244149101900000127e-03
6.727643776679999993e-03
-9.776790626350000124e-03
2.143162302669999845e-03
1.140018226580000009e-03
8.891862817109999831e-03
-1.692012138659999831e-02
7.551296614109999708e-03
3.576948307449999854e-03
5.750208161769999882e-03
-1.786215044560000159e-02
8.959515020250000822e-03
3.761589759959999956e-03
1.160167972559999908e-03
-9.234162978830000312e-03
1.039694622159999943e-02
-7.161313202229999987e-03
2.254254883159999799e-03
-2.733962144700000183e-03
6.844462826849999869e-03
-4.646530374879999717e-03
4.328565773900000058e-05
-2.247182186690000177e-03
6.557859946039999895e-03
-4.047400783750000272e-03
-4.289732023610000008e-04
-1.168645569120000099e-03
2.334994962440000051e-03
-3.561936027839999975e-04
2.625076565889999849e-03
-4.355355165900000325e-03
4.297059960660000108e-03
-2.604901557790000131e-03
1.741953077730000032e-03
-9.681798401290000067e-04
1.586791360749999907e-03
-3.450305201110000046e-03
3.088543191549999838e-03
-1.721198437740000019e-03
-8.530552149749999567e-04
-5.835901829409999558e-04
-2.850570017470000243e-04
9.692073799669999540e-04
-1.687713665890000015e-03
1.515159383420000040e-03
4.323073953859999752e-04
2.113266848029999884e-03
-4.327638540420000388e-03
7.399692665789999770e-03
-7.034161593769999894e-03
7.300223689529999720e-03
-8.166149258610000752e-03
9.442374110219999700e-03
-1.362119056279999935e-02
1.581753045320000162e-02
-1.631671749059999954e-02
1.592367328699999945e-02
-1.656755991280000131e-02
1.671905443070000052e-02
-1.614944636819999960e-02
1.581704802810000171e-02
-1.904736086729999847e-02
2.111682295799999914e-02
-1.863187737760000143e-02
1.762135326859999920e-02
-1.710838824510000147e-02
1.847300678489999931e-02
-1.805892214180000038e-02
1.919443160299999854e-02
-2.050323970620000075e-02
1.505757495759999995e-02
-1.732471957800000087e-02
1.717212796209999920e-02
-1.552817132320000008e-02
1.608380302789999897e-02
-1.658829487859999827e-02
1.639616489410000016e-02
-1.450131833550000020e-02
1.516252662989999930e-02
-1.588870026170000060e-02
1.459120307119999953e-02
-1.431862264869999957e-02
1.277476269750000074e-02
-1.403568405660000039e-02
1.294474210589999924e-02
-1.484509091820000043e-02
1.283159479499999985e-02
-1.168937329200000000e-02
1.116951368750000034e-02
-1.209598593410000054e-02
1.227594539519999937e-02
-1.067677326499999989e-02
1.188577618449999929e-02
-1.342928875239999924e-02
1.209995429960000063e-02
-1.182569749650000043e-02
1.239247526970000020e-02
-1.251093577589999957e-02
1.295725535599999943e-02
-1.102050766350000030e-02
1.142239384350000019e-02
-1.116852555420000045e-02
1.091425865890000013e-02
-1.423949655149999924e-02
1.192784029989999925e-02
-9.224235080180000559e-03
9.222957305609999490e-03
-1.045803446320000066e-02
1.279455609619999969e-02
-1.089972350750000041e-02
1.085039786990000046e-02
-1.044769212600000011e-02
8.574429899450000322e-03
-9.612184017900000238e-03
6.292962934820000090e-03
-5.110881291330000332e-03
6.737662479280000401e-03
-7.389390375469999730e-03
5.973997525870000311e-03
-3.951584920289999761e-03
4.559903871270000290e-03
-8.557420223949999648e-04
1.440649852159999909e-03
-7.072028238329999567e-04
-7.612315821460000423e-04
3.791918046769999790e-03
-5.725243128839999952e-03
1.417318824679999947e-03
-1.858828705739999946e-03
6.531337276100000408e-03
-3.520532045510000110e-03
-4.435789305720000191e-04
-4.975100047889999787e-03
4.093971569090000019e-03
4.233547660990000195e-04
3.045287448909999922e-04
-1.802104990930000067e-03
-1.956721767779999975e-03
5.114927422260000418e-03
-5.758369807149999776e-03
5.345955956730000236e-03
-7.182240020479999966e-03
1.127922534940000061e-02
-1.114352419969999973e-02
7.112582679840000373e-03
-1.535739563409999932e-02
1.803985051810000004e-02
-7.399522233749999782e-03
9.533647447820000828e-03
-1.510829105969999954e-02
9.894690476359999445e-03
-7.984803058209999707e-03
1.302932947870000073e-02
-1.232494786379999957e-02
7.738957647229999931e-03
-5.120948888360000312e-03
1.252073235810000074e-02
-1.008071657270000025e-02
4.202899523079999845e-03
-6.503426935519999660e-03
8.259487338360000860e-03
-7.387646473940000409e-03
2.108949935060000069e-03
-6.018639076500000018e-03
7.648063823580000288e-03
-4.927158355709999708e-03
3.135125152770000100e-03
-4.453054629270000384e-03
3.976327832790000141e-03
-2.445677295329999872e-03
6.384583190079999582e-03
-2.722097793589999849e-03
-1.222542254250000033e-03
-8.516307920219999897e-03
5.408262368289999678e-03
5.854773917239999631e-04
2.282191533599999943e-03
-4.951856099069999739e-03
9.812738280739999493e-04
-4.110762383789999899e-04
2.724961610509999896e-03
-1.468838163419999897e-04
-2.911847084760000193e-03
-8.070789626799999795e-04
-1.013718312609999993e-03
-7.482436194549999344e-05
7.085312390699999990e-04
7.852218113840000362e-04
-1.516977557909999965e-03
1.803365768860000105e-03
-2.312697470190000059e-03
3.771047806369999880e-03
-4.130104091019999590e-03
9.925198974090000594e-04
-3.088949946689999951e-03
3.998741973190000042e-03
-4.662032239140000318e-03
4.250298719850000365e-03
-4.434971604499999762e-03
4.978607408700000403e-03
-2.957811346280000194e-03
3.460434963930000135e-03
-5.360558629040000286e-03
5.204132758080000018e-03
-4.691903013740000329e-03
4.283593501900000329e-03
-3.922649193559999900e-03
2.040557330470000024e-03
-5.050031933930000140e-03
5.905552301559999738e-03
-2.473910804839999939e-03
3.900195471940000064e-03
-4.502106923609999756e-03
2.744348952550000002e-03
-1.821978017689999995e-03
3.791375551370000044e-03
-5.503211636099999970e-03
2.990178298210000116e-03
-2.522848779339999931e-03
4.495885223150000026e-03
-3.215867094699999870e-03
1.743071130479999968e-03
-4.291957244279999764e-03
5.423555150629999835e-03
-4.004228860140000325e-03
2.082600956779999835e-03
-5.974970408720000140e-04
4.010543227200000227e-03
-3.674385603520000099e-03
2.648737514390000179e-03
-4.150568507610000353e-03
1.900956267490000072e-03
2.732022840059999827e-04
3.160183841830000243e-04
-2.977279480550000176e-03
4.424485377969999619e-03
-1.586871454490000003e-03
1.513831084589999923e-03
-9.180079796349999459e-04
-2.129695145410000039e-03
-2.180547686289999783e-03
2.575127640740000091e-03
-1.122265704910000057e-03
-2.693937858570000124e-04
3.072141669690000090e-03
7.922676159070000251e-04
1.323314965699999915e-03
-1.078373752529999995e-03
-3.898855647999999803e-04
-2.017518505449999826e-03
1.254467410039999996e-03
-3.708219388499999977e-03
2.426097169519999923e-03
-2.430019434540000179e-03
1.812478527430000028e-03
-1.051219645890000059e-03
2.721450990070000200e-03
-4.484594333919999891e-03
4.625253379339999693e-03
-2.935013035309999921e-03
2.352009294549999800e-03
-2.259316854180000098e-03
2.815787913279999954e-03
-5.160327069460000395e-03
5.100623238830000357e-03
-3.335800487549999815e-03
4.442770965399999925e-03
-3.917966503650000334e-03
2.228056546299999989e-03
-4.382025450470000173e-03
4.541314672679999664e-03
-4.273951519279999868e-03
4.030881449580000012e-03
-3.603161545470000022e-03
3.794934367760000211e-03
-2.623429289089999807e-03
4.098379053180000418e-03
-5.445997230709999880e-03
4.767830017949999805e-03
-4.659306257959999926e-03
4.885611590000000018e-03
-4.025107249620000008e-03
4.104642197490000408e-03
-6.503440905359999732e-03
5.739582236860000380e-03
-6.372619420290000225e-03
4.084470216179999884e-03
-4.976856056599999849e-03
7.484309375290000219e-03
-4.957746714350000014e-03
6.830954458560000060e-03
-7.250966969880000279e-03
4.859739914540000226e-03
-7.686489727350000016e-03
8.491959422830000492e-03
-4.945427179339999951e-03
6.057387683539999790e-03
-9.748123586179999536e-03
8.052936755119999637e-03
-4.357909318060000300e-03
8.635487407449999805e-03
-7.348902523519999959e-03
3.160223364830000176e-03
-1.051428075879999938e-02
7.299057208000000324e-03
-3.831736044960000215e-03
1.028156653050000049e-02
-5.427664145830000432e-03
3.231118433179999954e-03
-9.846523404120000739e-03
6.397299002859999952e-03
-3.036784473810000187e-03
8.294779807330000115e-03
-9.024299681189999756e-03
2.877983497460000033e-03
-7.123819086699999595e-03
9.859587065880000625e-03
-6.103768944739999640e-03
7.565317209810000325e-03
-9.174468927090000114e-03
9.061668068169999313e-03
-5.903068464249999585e-03
8.656119927759999347e-03
-9.434305131439999978e-03
4.704497754570000426e-03
-9.293450042610000572e-03
9.303112514320000317e-03
-5.303315352649999766e-03
6.695316173140000368e-03
-4.892285447569999848e-03
7.140730973329999579e-03
-3.860556986179999872e-03
2.528705168520000053e-03
-7.644101046029999624e-03
3.165040398019999812e-03
-2.048034686600000171e-03
4.663486964999999720e-03
-1.753741758879999923e-03
3.977839834990000260e-03
-2.045300556349999820e-03
2.855594269930000154e-03
-2.525319810959999935e-03
-1.336698187520000058e-03
-4.639755468819999930e-03
1.773664611389999925e-03
1.346968812870000080e-03
2.288897288959999832e-03
-5.425512790679999945e-04
2.145108301189999924e-04
2.178027527410000136e-03
9.102301555690000016e-04
-2.502688439559999818e-03
-1.846376922909999992e-03
5.177148268559999666e-04
-5.797257181259999736e-04
1.015344983899999940e-03
1.727952476360000050e-04
1.461887964980000025e-03
1.305872225199999946e-03
2.957663382400000144e-04
-2.693760674450000094e-03
6.032544115440000043e-05
-1.691688667050000091e-03
1.681773690509999995e-03
7.655926747249999905e-04
1.507297391070000058e-03
-2.866640570570000261e-04
2.112729009240000080e-03
-9.648518171160000477e-04
2.048080554229999867e-03
-2.886538859459999821e-03
-6.182855577210000187e-04
-1.408379292120000032e-03
1.780551392590000014e-03
-7.380694150919999948e-04
1.993244746699999927e-03
-1.096575404519999986e-03
1.869285246359999935e-03
3.058385336770000069e-04
9.068147046489999927e-04
-3.948687575759999777e-03
1.124491565859999948e-03
-1.744220964610000051e-03
3.759422572329999910e-03
-6.763510755260000078e-04
7.945435354490000112e-04
-2.248586155470000056e-03
2.541058231149999867e-03
-5.840085796079999515e-04
1.465406035999999900e-03
-2.530988072980000156e-03
3.917647991330000198e-04
-8.209265070040000153e-05
2.215816406529999994e-03
-1.521019148640000130e-04
1.133238198240000107e-03
-2.020453335720000156e-03
-4.291463410479999952e-04
-1.231155010829999987e-06
1.591515756449999913e-04
-3.484578046480000190e-04
2.892672782760000150e-04
1.756532437870000072e-04
9.714869665909999777e-04
3.866073966490000155e-04
5.544780287890000055e-04
-7.323650643229999554e-04
1.398542663080000047e-04
-5.588938947769999744e-04
6.716909701939999689e-04
-1.250566099770000035e-03
2.074415679090000134e-04
-4.083923995489999940e-04
9.734137565830000387e-04
-1.807407388699999945e-04
2.335947472600000043e-03
-1.681340159849999908e-03
-1.000090996970000019e-04
-2.008185721930000160e-03
1.012677210379999901e-03
-2.842820540540000047e-04
2.999504096810000180e-03
-1.464745495470000033e-03
4.156974609940000003e-04
-1.164667424750000018e-03
1.718613901179999893e-03
-3.088002558799999935e-04
1.020612398860000047e-04
-2.849536249410000201e-03
1.263426383960000081e-03
3.576033122950000116e-05
1.167031703520000083e-03
-1.791811897419999999e-03
-3.019679279530000215e-04
7.017474126769999553e-05
2.739680232480000074e-03
7.311859517359999873e-04
1.455530407840000071e-03
-1.135529251769999953e-03
-1.270549139010000066e-03
-1.257212483320000081e-03
2.042272535619999910e-05
-1.136883744039999958e-03
1.349781290630000085e-03
7.736554252920000135e-04
1.066447934140000043e-03
8.172175730579999981e-04
-4.354942066130000123e-04
-1.202857587489999892e-03
-7.769317016940000160e-04
-3.242877937740000147e-05
-5.767799448219999630e-04
1.726319431329999959e-03
2.233058330600000017e-04
1.020181342030000021e-03
-8.856860222290000029e-04
6.667675334030000135e-04
-1.167997834269999917e-03
1.331289997320000062e-03
-1.823706668799999998e-03
1.453829579990000053e-03
-2.548766555259999924e-03
1.734416815449999968e-03
-1.814171671870000013e-03
3.334112931040000057e-03
-1.663669478150000061e-03
4.128891509030000427e-03
-3.491947194560000075e-03
2.355782082299999990e-03
-5.233498755839999586e-03
2.512720413510000084e-03
-4.456590861079999695e-03
5.088247824460000006e-03
-3.099842229860000180e-03
5.638254806400000256e-03
-3.390951082109999910e-03
5.131124053149999954e-03
-5.554285366090000280e-03
3.530015237629999941e-03
-5.768896546209999893e-03
4.784483928229999773e-03
-4.981345031410000339e-03
4.856864456089999768e-03
-4.157549235969999583e-03
6.468236912040000418e-03
-3.740582149480000101e-03
4.055899102240000283e-03
-6.692754104730000257e-03
3.863321617250000100e-03
-4.233795218169999694e-03
5.471141077580000261e-03
-4.337028134609999946e-03
4.099010024220000291e-03
-4.185992293060000237e-03
5.024712532759999933e-03
-4.356554709369999702e-03
3.962405957279999634e-03
-4.228796344249999978e-03
4.519940353929999960e-03
-3.427288029340000170e-03
3.577949013559999884e-03
-4.800972994420000042e-03
3.781860694289999793e-03
-2.978874370460000195e-03
4.092797171320000302e-03
-4.263192880900000363e-03
3.053163876759999902e-03
-1.943896291779999980e-03
4.621211905029999796e-03
-3.129147225989999809e-03
2.518046647309999785e-03
-3.673022147270000193e-03
3.000378143040000143e-03
-3.182928543540000134e-03
1.530848909169999937e-03
-2.973180031399999968e-03
2.856991952290000025e-03
-8.872026228349999587e-04
3.465184243399999867e-03
-2.529147313909999809e-03
1.416899729520000074e-03
-2.442626049740000138e-03
2.084071049469999985e-03
-1.985141774639999877e-03
7.733654929320000473e-04
-2.138103358449999856e-03
3.056304296479999977e-03
3.030895022680000161e-04
2.233941806480000108e-03
-2.233143663030000194e-03
6.333663477560000019e-04
-5.947471945550000024e-04
9.877320844679999320e-04
-2.756381873040000124e-03
5.207680806049999682e-05
-4.392013070169999969e-04
1.881057396530000023e-03
-5.395798943940000427e-04
3.718021325770000125e-04
-5.472033517440000414e-04
1.681086723689999892e-03
1.422153582099999986e-04
4.068546986670000185e-04
-1.619238522840000085e-03
-6.511289975610000088e-04
-6.754594505760000119e-04
4.449040279720000227e-04
-2.672581176739999742e-04
-5.259198223940000309e-05
8.778912160779999763e-05
1.209649140950000076e-03
1.572679146189999997e-03
-2.883514389400000199e-04
-1.309195999060000070e-03
-1.256432849910000052e-03
-2.948092005680000229e-04
1.430211123079999885e-04
3.407518379390000107e-04
5.653265980070000399e-04
6.055698577259999855e-06
6.025137845429999516e-04
1.069293430189999965e-04
2.719625481400000195e-04
-2.011023694650000086e-03
-9.393014479429999918e-04
8.033336052899999673e-05
1.229933463039999900e-03
3.998862521259999954e-04
-4.487865080589999904e-04
-3.287464787720000047e-04
-2.399943150519999842e-05
9.505052585150000231e-04
-8.594940300100000537e-04
3.801680868490000067e-04
-1.185698900369999914e-03
1.619380200279999958e-03
-7.367363432420000234e-04
1.853894442320000099e-03
-2.267097355800000175e-03
5.015031201760000506e-04
-2.148657804360000045e-03
2.470846986399999941e-03
-1.579384552309999901e-03
1.868248218669999947e-03
-1.979978289460000099e-03
2.693241462109999870e-03
-1.931288745249999921e-03
1.759427366780000074e-03
-3.266442567110000063e-03
1.707684714350000054e-03
-1.892754109579999986e-03
3.238894976679999871e-03
-2.600294305009999852e-03
2.050073817370000155e-03
-2.224325202409999872e-03
3.425923874600000051e-03
-1.934026251549999945e-03
1.710703014399999906e-03
-4.259299952540000246e-03
2.639680868009999966e-03
-1.340430579149999970e-03
3.312616376210000217e-03
-3.406654810530000167e-03
1.874377718199999893e-03
-2.856859238820000021e-03
3.589972620830000124e-03
-1.676699263039999966e-03
2.544042421500000099e-03
-4.290552344170000219e-03
2.012586221100000090e-03
-2.779155503960000200e-03
2.060386352240000177e-03
-3.148194635289999852e-03
2.291495446120000046e-03
-1.483274041680000084e-03
4.055315628650000420e-03
-1.928691635839999965e-03
1.365425065159999981e-03
-3.426088951530000069e-03
1.138915191399999909e-03
-1.879385439680000000e-03
1.391240977680000077e-03
-2.189576858649999996e-03
1.743409782649999948e-03
-3.863144374919999990e-04
2.438277704639999974e-03
-7.019030745140000371e-04
4.315148544259999794e-05
-1.943559735079999993e-03
1.457743637729999944e-04
-3.051881212739999765e-04
2.164241304850000023e-04
-2.930123300759999994e-04
-1.310246734650000059e-04
1.473876473030000093e-04
3.341038827779999878e-04
1.301690819669999938e-03
-4.698365228249999875e-04
-5.260751349850000457e-04
-1.738743274469999956e-03
-1.415721635569999943e-04
-6.043615285309999812e-04
1.433706725950000069e-03
-1.150846714150000061e-03
1.048971782440000049e-03
1.833665010050000114e-04
2.262335969139999889e-03
-1.259323791600000086e-03
-8.490036998410000141e-05
-2.933434443550000069e-03
1.680485787799999940e-03
-2.527150500099999749e-04
2.032148186120000168e-03
-2.679539378729999931e-03
4.663544532380000155e-04
-1.421648077669999954e-03
2.537409076470000056e-03
-1.349737751300000019e-03
9.178011678160000186e-04
-2.674725372340000171e-03
2.203071489929999804e-03
-3.287556173749999920e-04
1.956480788069999907e-03
-2.371577778830000205e-03
5.999681889080000141e-04
-8.135697571559999961e-04
2.259216737000000180e-03
-2.064418978989999900e-03
-3.856189141519999813e-04
-1.757005113179999946e-03
3.217687597499999889e-03
3.314527566540000189e-04
6.967193912710000240e-04
-3.487020498140000133e-03
7.589411106890000223e-04
-3.200714418200000248e-04
2.904830733310000135e-03
-1.104859751649999973e-03
-1.901776413430000074e-04
-2.093508606779999944e-03
2.783694304529999927e-03
-3.525627253110000118e-04
6.678493809889999872e-04
-2.789363265039999928e-03
1.037141424600000012e-03
-5.193260149099999598e-04
2.237880136820000025e-03
-2.106965053830000059e-03
-2.687076630540000252e-04
-1.880738534959999981e-03
2.618334721770000043e-03
-5.971626378599999936e-04
1.594041474159999926e-03
-1.988183241340000205e-03
9.449122007940000340e-04
-1.163921435360000057e-03
2.272626385090000065e-03
-2.268013777210000064e-03
3.385349409650000182e-04
-1.298298710030000103e-03
2.254982013259999862e-03
-9.896433912220000111e-04
1.669089542700000076e-03
-2.238304587080000053e-03
6.715154158879999523e-04
-1.200876431539999942e-03
1.961794681849999850e-03
-1.527398941109999950e-03
1.104305265470000019e-03
-1.634517684579999937e-03
1.583562698219999993e-03
-7.898082258179999577e-04
1.302668359129999925e-03
-2.162963151930000216e-03
9.417071705680000061e-04
-5.694097490050000539e-04
1.318588620049999938e-03
-7.366213249039999921e-04
5.918948445469999695e-04
-1.344471354970000086e-03
9.714107727629999909e-04
-1.834050053729999880e-04
1.409548858650000003e-04
-1.006118953229999998e-03
4.374664276839999931e-04
1.211166527360000000e-04
4.908936680290000142e-04
-6.621413049290000071e-04
-6.285818526520000216e-04
-1.224353618450000107e-04
1.324138022030000097e-03
8.117920951919999897e-04
-7.362592732530000468e-04
-6.113743293099999825e-04
-5.071384948679999536e-04
5.772501463070000075e-04
-3.309057210570000144e-04
1.931802034959999957e-05
-5.082775023770000388e-04
1.068826648410000106e-03
1.888082333610000105e-04
3.904246550520000026e-04
-1.396123669110000028e-03
-1.317603309869999867e-04
-7.375484565269999938e-04
7.893560687079999652e-04
-3.863685997200000041e-04
5.999779677949999748e-04
-7.267429609780000311e-04
1.219438971020000073e-03
2.157330891349999887e-04
5.356436013239999601e-04
-1.854330301280000034e-03
-6.071580573920000098e-04
-1.151820179079999975e-03
1.844562357289999998e-03
-2.249244862470000110e-04
5.845894920639999482e-04
-1.109964912759999920e-03
1.590462634339999968e-03
-2.658420708029999853e-04
9.582660277370000238e-04
-2.780327107760000114e-03
3.357091336509999968e-04
-3.942367911799999985e-04
2.814670326189999943e-03
-1.000558142549999932e-03
6.573892314920000250e-04
-2.156111644580000104e-03
2.161927754059999891e-03
-7.119636284190000242e-04
8.226999198089999946e-04
-3.037133254109999989e-03
1.061803894120000097e-03
-4.910426796409999651e-04
3.116463776680000134e-03
-1.596568385140000003e-03
8.366566034969999529e-04
-1.919952104800000002e-03
1.941621652799999966e-03
-1.460007857530000062e-03
8.220372837969999692e-04
-2.246036427100000198e-03
1.367447315719999990e-03
-1.196719967990000037e-04
2.490526763719999852e-03
-1.363776158540000059e-03
4.140464006919999788e-04
-1.222472987140000005e-03
1.478307065549999992e-03
-1.240637851880000081e-03
3.855616669170000088e-04
-1.465300796549999897e-03
1.396041945550000052e-03
3.077326691709999845e-04
1.891412422990000099e-03
-1.182871637869999928e-03
-3.954333369620000168e-04
-1.866719801909999966e-03
1.026071957310000079e-03
-2.378445788049999971e-05
6.845215684730000111e-04
-8.939116960390000371e-04
9.105735807680000139e-04
3.652961167970000030e-04
9.032964590010000155e-04
-1.050224178470000056e-03
-5.181657616049999962e-04
-4.677201213780000184e-04
1.349747646599999988e-03
9.873408271230000178e-05
7.915647984190000148e-06
-5.819156067449999603e-04
4.247191827739999793e-04
4.946803092029999557e-04
5.235736025499999630e-04
-3.925864584739999739e-04
7.126170385160000387e-05
5.074350628999999696e-04
2.378595381740000075e-04
1.198269383170000004e-04
-1.156222657299999955e-03
-1.161693871839999953e-04
1.208625617439999990e-04
1.418237690810000059e-03
-1.055506523699999925e-03
7.994665065780000128e-05
-1.445840927770000034e-03
1.674875034950000074e-03
-2.743564837149999806e-04
1.314128749069999949e-03
-1.901195850219999928e-03
1.275330665520000087e-03
-9.876717813309999778e-04
1.734851510259999979e-03
-2.067889552560000198e-03
1.313110231420000062e-03
-1.194214564750000103e-03
2.574344864120000059e-03
-6.867613992650000018e-04
1.066444907339999951e-03
-1.862241420890000092e-03
1.049951999449999897e-03
-1.617621281179999933e-03
1.067128265280000094e-03
-1.515701296739999917e-03
1.808262197300000056e-03
-4.115330229979999939e-04
2.217507921159999913e-03
-9.033376118169999906e-04
1.431463286279999929e-03
-2.132975496349999792e-03
8.372780866920000436e-04
-1.892453758050000046e-03
1.632267027159999906e-03
-1.464217901229999995e-03
1.526988926340000106e-03
-1.181087456640000054e-03
2.530708443370000005e-03
-1.699262298640000094e-03
1.233479706569999990e-03
-2.394246868790000059e-03
1.925570541059999901e-03
-1.087617361919999970e-03
2.348923590029999842e-03
-2.331051509830000049e-03
1.997539540749999898e-03
-1.340469811110000077e-03
2.868022304029999980e-03
-2.086966065689999875e-03
1.368149532940000001e-03
-2.796087646860000078e-03
2.175477566199999959e-03
-1.816155505370000041e-03
2.367622451860000154e-03
-1.552562345749999980e-03
2.381365979089999918e-03
-1.689312281089999906e-03
2.116190735250000204e-03
-2.155148657040000058e-03
1.732078380880000025e-03
-1.904240925799999999e-03
2.598671242590000052e-03
-1.337062218230000016e-03
2.247711177919999807e-03
-2.524107927460000119e-03
2.134984126310000146e-03
-1.734477351419999981e-03
2.490808023140000070e-03
-2.282603643829999966e-03
2.069110749290000145e-03
-1.944086630830000034e-03
2.043212996800000160e-03
-1.960994675759999799e-03
2.052437514069999948e-03
-1.473191659900000092e-03
2.437220420690000122e-03
-1.175834797319999904e-03
1.691181561910000018e-03
-1.924626412799999940e-03
9.644726524129999985e-04
-1.624153926970000033e-03
1.039806520569999974e-03
-1.007630839009999958e-03
8.719822508279999589e-04
-2.303094224769999918e-04
1.072791870679999909e-03
-4.399656900200000207e-04
2.285759692309999964e-04
-7.224502624010000406e-04
-4.336899655750000297e-05
-2.495791704859999819e-04
5.130049976290000229e-05
2.000261156349999873e-04
3.824196173810000005e-04
4.405762592800000084e-04
1.111199817389999948e-04
6.224195822140000250e-04
-7.657370297240000123e-04
1.065365067920000057e-04
-7.710250210950000396e-04
1.025312813000000016e-03
-8.485932485199999603e-04
8.461488178000000455e-04
-6.098609301260000297e-04
1.536048599519999978e-03
-9.665985708120000339e-04
8.329661213790000383e-04
-1.869709929450000035e-03
1.152658369389999906e-03
-7.399847963820000134e-04
1.758323283869999993e-03
-1.335397013459999928e-03
8.072439231910000148e-04
-1.606492674910000012e-03
1.741003827189999955e-03
-1.601100666450000053e-03
1.556456671099999906e-03
-1.906729186890000023e-03
1.879547140559999913e-03
-1.519085606560000024e-03
1.934879343030000047e-03
-2.367575885729999996e-03
1.637752866369999961e-03
-2.070011338219999823e-03
2.395962830629999856e-03
-2.240454312410000010e-03
2.022881060839999950e-03
-1.983221154659999940e-03
2.267453819509999795e-03
-2.511336002500000070e-03
1.838386757300000066e-03
-2.448697108779999878e-03
2.207865472880000176e-03
-2.175321104000000044e-03
2.185476245360000111e-03
-2.047350630160000001e-03
2.503332681949999982e-03
-2.264167182150000034e-03
2.148143714289999905e-03
-2.223504707219999856e-03
2.060959814119999942e-03
-2.288979943840000093e-03
2.587584545839999913e-03
-1.785390544680000085e-03
2.593654673549999987e-03
-2.432886743919999810e-03
1.948806340809999989e-03
-2.370119793339999989e-03
1.842585974369999931e-03
-2.299193060029999791e-03
2.591707045210000192e-03
-1.838595722799999917e-03
2.645649947230000083e-03
-1.784913707520000004e-03
1.828507869500000044e-03
-2.556480467319999835e-03
1.534022740090000038e-03
-2.154643414539999906e-03
2.205065218729999801e-03
-1.683296752160000007e-03
1.877280650660000105e-03
-1.275661052199999947e-03
2.302364446220000072e-03
-1.640683040020000103e-03
1.106614130549999969e-03
-2.354918746280000152e-03
1.271969871600000038e-03
-1.343940151859999901e-03
1.699534244839999994e-03
-1.174108823759999979e-03
1.411911100149999907e-03
-1.111235469580000015e-03
1.211396418510000093e-03
-1.197923207659999916e-03
9.569435496809999657e-04
-8.508727769370000001e-04
1.227816916070000085e-03
-4.870986449530000139e-04
8.365410612899999840e-04
-1.195656717750000078e-03
5.135347601030000250e-04
-6.551930564459999872e-04
6.425908068190000228e-04
-6.325494614429999583e-04
3.776597150140000177e-04
-5.804880638610000277e-04
2.235073625340000124e-04
-2.035311335930000114e-04
-2.010410389629999967e-05
2.417502255409999874e-04
1.736515405360000014e-04
1.460903877159999904e-04
-5.440984969029999960e-04
4.065352186439999963e-05
-1.677207328609999946e-04
6.457075360229999964e-04
3.788480898950000154e-05
9.154165163640000120e-04
2.266821684319999917e-05
3.349783582959999829e-05
-1.543025718999999898e-03
-2.095073286910000075e-04
-6.130673573350000401e-04
8.159574936140000104e-04
-4.894219819109999934e-05
1.004507648759999901e-03
7.238188118209999515e-05
8.961753337639999763e-04
-1.186501234770000060e-03
-4.557010834109999830e-04
-1.082022674379999952e-03
5.855087074450000340e-04
-9.622860234229999987e-04
9.980560280380000766e-04
-5.336441099640000388e-04
1.180812367239999962e-03
-5.836032214570000118e-04
1.157300779600000003e-03
-1.373726525340000044e-03
8.142003207469999818e-04
-1.585372141560000090e-03
1.604692777620000087e-03
-1.221844111569999908e-03
1.560697797689999987e-03
-1.359858666549999904e-03
2.128577791150000099e-03
-8.744321530679999722e-04
1.836677081880000060e-03
-2.393552567810000153e-03
6.288964650589999811e-04
-2.169572748240000161e-03
1.648184959780000071e-03
-1.141549670140000082e-03
1.966902753340000164e-03
-1.487635192459999933e-03
1.927828416230000039e-03
-1.316587207839999907e-03
1.278711366470000046e-03
-2.353507326920000094e-03
9.922895114870000383e-04
-1.665885443799999983e-03
2.404108876360000046e-03
-1.005531754340000016e-03
1.737403916199999976e-03
-1.927758217789999912e-03
1.481879735370000102e-03
-1.860210322769999909e-03
1.576437382030000060e-03
-1.874939189290000070e-03
1.775245415049999959e-03
-1.316614798270000037e-03
1.648277160710000071e-03
-1.507015200329999988e-03
1.278085284869999970e-03
-1.515526790170000073e-03
1.362218987200000024e-03
-1.611653598960000088e-03
1.395607599990000055e-03
-1.344308955589999929e-03
1.622896292249999999e-03
-1.166393281890000001e-03
1.653529005130000094e-03
-1.486029359509999934e-03
1.046504126859999903e-03
-1.330131548460000094e-03
1.425745897000000066e-03
-7.592376205139999461e-04
1.112923375329999973e-03
-1.436805818230000014e-03
8.408790454270000493e-04
-9.931138483809998953e-04
6.261926610020000132e-04
-1.216405071320000083e-03
5.085186567159999524e-04
-5.350586725399999674e-04
1.470297458579999895e-03
-2.111506364600000013e-05
7.284049643200000328e-04
-5.164228496140000268e-04
-8.479766984239999362e-05
-6.519389571619999598e-04
6.874927930770000377e-05
-5.880647222510000140e-04
8.051075383259999351e-06
-9.273489558840000040e-05
4.494027234609999878e-04
3.272440808359999755e-04
5.550232890530000025e-05
-1.980496454050000065e-04
-3.287933068349999750e-04
2.990747816510000055e-05
-4.336237325329999758e-04
-3.276989446019999913e-04
-2.829969744200000231e-04
1.158502651379999908e-03
6.126763182689999544e-04
8.593234815630000330e-04
-6.297014188020000043e-04
-1.755574921840000039e-04
-8.803820819589999996e-04
-1.346250064670000102e-04
-1.303676050159999992e-03
2.473010390529999927e-04
-1.380985777360000093e-04
1.543620368470000059e-03
9.938939911079999843e-05
5.378653295340000235e-04
-1.179679296909999942e-03
2.515436499380000260e-04
-8.309066179210000290e-04
7.042743382040000293e-04
-1.097431872039999947e-03
8.158445125449999627e-04
-1.891807551150000098e-05
1.755935489200000088e-03
-5.981547874399999708e-04
2.972758375110000069e-04
-1.881792442869999974e-03
3.210738941560000088e-04
-9.183302754539999667e-04
1.001604716290000092e-03
-1.056950888600000082e-03
1.049166545269999973e-03
-1.640421833140000057e-04
2.170060761269999861e-03
-8.413158357139999873e-04
2.342540101379999879e-04
-2.032906748350000146e-03
7.892638677729999505e-04
-4.928110283799999646e-04
1.301049836909999938e-03
-9.924540063369999710e-04
1.372283208179999898e-03
-7.896523457019999663e-04
9.625247912480000383e-04
-1.549851032909999905e-03
2.996933180840000220e-04
-1.208319677970000035e-03
1.285723643380000001e-03
-5.659101880159999936e-04
1.102804671970000023e-03
-7.094911416059999573e-04
1.017926726490000046e-03
-7.999233785089999863e-04
3.352400963190000261e-04
-1.552625675690000014e-03
4.473960143510000132e-04
-9.722435061120000149e-05
1.147103495899999895e-03
-5.939762340860000071e-04
3.431407967579999880e-04
-5.312135908749999677e-04
1.075091073289999961e-03
-6.253688479769999855e-04
9.622092329660000636e-05
-1.197845907880000027e-03
8.120023994709999892e-05
-1.064781681629999971e-04
5.761048523709999796e-04
-3.063401527470000098e-05
4.212849016770000058e-04
-1.145817877840000002e-04
2.485082077330000045e-04
-3.887000493709999796e-04
-1.412281562809999925e-04
-3.436072802289999765e-05
-1.495504548070000067e-04
1.981370878639999880e-04
-2.222342591269999956e-04
2.150870859620000058e-04
-3.198723788959999731e-05
2.578109560999999796e-04
-7.761421147729999793e-04
-1.582384866199999904e-04
-6.665100227110000051e-04
5.618649884130000197e-04
-3.413118829490000049e-04
1.451152638769999989e-04
-7.827579975129999625e-04
8.143196464519999837e-04
1.483657979409999975e-04
1.079349895009999987e-03
-7.033547735769999851e-04
2.777052941379999995e-05
-1.020516967399999909e-03
4.896461032329999961e-04
-6.066202768119999603e-04
4.928138805550000496e-04
-9.441524744030000338e-04
5.681566544809999939e-04
-5.411272286439999715e-04
9.834931697699999219e-04
-8.258855668830000123e-04
3.398612898310000244e-04
-1.011974411090000052e-03
1.021631527690000044e-03
-5.379863432609999826e-04
9.266963461410000508e-04
-1.108936383389999905e-03
8.158861892299999839e-04
-9.817776735870000632e-04
1.146877300930000025e-03
-1.096323598180000067e-03
1.019929535690000102e-03
-1.169769791889999945e-03
1.098627690229999915e-03
-9.660160867499999670e-04
9.940617019309999462e-04
-1.335681299680000021e-03
6.730696186420000301e-04
-9.747912408779999720e-04
1.356628374199999893e-03
-7.626945734959999969e-04
1.527474028990000090e-03
-1.212222734470000006e-03
9.752941550689999892e-04
-1.336068147790000007e-03
1.334691885859999984e-03
-1.235587988049999903e-03
1.421048305929999925e-03
-1.267089042810000009e-03
1.605220371859999908e-03
-1.339317183009999974e-03
1.188269932749999895e-03
-1.690415432679999918e-03
1.256259507499999945e-03
-1.273105968719999903e-03
1.791298273020000033e-03
-1.042772899379999915e-03
1.356922322880000070e-03
-1.410171040329999967e-03
1.481080893429999974e-03
-1.303632045159999970e-03
1.148811541500000021e-03
-1.853726105759999918e-03
1.543285558000000082e-03
-9.605255909260000235e-04
1.737556769509999901e-03
-1.895347377289999941e-03
1.088414806870000072e-03
-1.326704164970000065e-03
1.575129572299999907e-03
-9.816812817010000733e-04
1.462348387580000028e-03
-1.141179120170000014e-03
1.203698455359999931e-03
-1.266048871910000016e-03
1.019475515930000050e-03
-1.203729654659999992e-03
9.462900343350000342e-04
-9.504831396040000317e-04
1.393740647470000007e-03
-1.060023438189999908e-03
6.378013058570000064e-04
-1.254498958590000070e-03
9.352063643749999574e-04
-8.475419599560000483e-04
5.405962583609999787e-04
-8.498395327480000316e-04
6.974441348579999561e-04
-2.238153829240000013e-04
8.360543288289999739e-04
-5.568908527489999831e-04
2.297900646229999923e-04
-5.319432239050000087e-04
4.593110061249999830e-04
-1.573617628309999868e-04
2.421379940640000020e-05
-8.272369159389999583e-04
-1.580378593639999963e-04
1.856715389289999968e-04
5.715358420280000282e-04
4.563191032500000274e-05
-2.983893791679999817e-04
1.817950105760000130e-04
4.892512151860000226e-05
3.237034543420000041e-04
-6.889055948700000117e-04
-3.590454871300000224e-04
-5.621705786329999873e-04
6.623081862930000306e-04
2.442331242490000022e-05
4.155211208850000029e-04
-6.086584180589999470e-04
3.435730759520000182e-04
-7.599998934889999353e-05
9.455320541750000026e-04
-8.859406807460000347e-04
-1.788910594769999908e-04
-1.014821231369999934e-03
1.051018130969999954e-03
3.190545976390000001e-05
7.788926595820000161e-04
-8.201034506779999967e-04
9.528188384140000343e-04
-3.135511360599999844e-04
8.717417367730000187e-04
-1.391494763080000077e-03
4.722947051049999830e-05
-7.000474724920000349e-04
1.250700326639999976e-03
-5.253893323240000452e-04
8.371229632760000209e-04
-8.027039002629999869e-04
1.045058714229999981e-03
-5.628810613420000492e-04
7.382353069259999781e-04
-1.684814342299999950e-03
3.996766463390000212e-04
-4.836058651560000247e-04
1.508273882790000034e-03
-6.889481446709999971e-04
6.484140176330000296e-04
-8.431659080090000155e-04
1.376322470610000107e-03
-6.071868701839999542e-04
7.074074237609999892e-04
-1.170176547020000029e-03
5.257616285230000538e-04
-5.447288276629999506e-04
1.410282449800000096e-03
-7.091821753419999671e-04
6.067729555070000167e-04
-1.120450557209999977e-03
1.142146764320000002e-03
-5.642699543390000249e-04
7.573378970849999970e-04
-1.376460422760000107e-03
8.489053579980000101e-04
-6.343300337899999931e-04
1.418144092900000064e-03
-8.317923638970000245e-04
8.025926072150000451e-04
-1.157598802820000066e-03
1.088473014529999991e-03
-7.222283747980000335e-04
1.076842192560000010e-03
-1.243795268240000104e-03
7.242534193210000207e-04
-1.238369150089999905e-03
1.195070915859999935e-03
-8.998968987729999989e-04
9.179281769320000138e-04
-1.054681604730000038e-03
1.104729832149999990e-03
-8.024448761720000007e-04
1.290687127040000045e-03
-1.011934364209999973e-03
7.525971159339999534e-04
-9.950202656909999058e-04
9.467988274989999837e-04
-5.826808628630000429e-04
8.609715150669999904e-04
-1.218263991180000083e-03
2.754603337960000045e-04
-9.464136091989999548e-04
7.427066448140000332e-04
-2.827483695000000252e-04
8.820583461780000202e-04
-3.009080828630000034e-04
9.021115838549999743e-04
-5.436717765410000337e-04
7.933730375950000518e-05
-1.041693147270000017e-03
-1.380593312210000095e-04
-3.995882289019999853e-04
8.309764671140000211e-04
2.228662342530000038e-04
3.908224171030000131e-04
-2.745237143240000029e-04
8.840389637039999782e-05
-3.044024633709999940e-04
-2.751250285660000218e-04
-6.257083732630000375e-04
-3.154296791760000319e-05
2.423975820420000090e-04
4.402515769470000053e-04
2.475570945530000070e-04
-1.808164415710000050e-05
1.025487508740000026e-04
-3.161976637780000081e-04
-3.071581886619999924e-05
-2.675883879420000032e-04
-6.784214929209999580e-05
-2.147280611100000030e-04
5.661217728629999940e-04
1.322801253989999953e-04
4.758705617860000260e-04
-3.762748965529999815e-04
3.303885023339999939e-05
-3.044014447369999821e-04
3.500577295199999912e-04
-3.236016491430000080e-04
-1.544040715089999960e-04
-4.793815605809999920e-04
4.866130184379999853e-04
-6.899982690809999841e-05
5.533129442480000252e-04
-4.129281151110000109e-04
2.400008961559999996e-04
-4.000067419840000167e-04
4.916515899819999535e-04
-3.032276290470000248e-04
4.128372238480000232e-04
-6.857843836770000480e-04
2.540888090149999814e-04
-2.701565099409999828e-04
3.979741013609999919e-04
-4.554500628729999767e-04
3.860025317410000086e-04
-4.979312070649999800e-04
7.520614308310000478e-04
-3.333173226569999888e-04
5.179303116169999954e-04
-4.972537863069999980e-04
4.308487696109999888e-04
-2.730309788600000071e-04
5.640088347719999628e-04
-5.707278032789999973e-04
4.688101471400000055e-04
-5.115766543900000015e-04
5.717552849090000010e-04
-5.058317910880000007e-04
5.786480032839999912e-04
-6.735179340470000059e-04
3.340934927110000255e-04
-5.094555090179999713e-04
5.671821418219999498e-04
-6.664184038529999800e-04
3.031052183360000152e-04
-6.265000556600000417e-04
6.643197848459999515e-04
-1.472631265639999922e-04
9.579507168380000390e-04
-4.802531329909999784e-04
2.213800762550000066e-04
-8.164423634299999757e-04
3.746473230419999760e-04
-5.435640341599999852e-04
3.486225614319999949e-04
-6.434334209189999628e-04
5.830743466499999864e-04
-4.523329844229999905e-04
5.467149894679999497e-04
-4.112996102780000171e-04
3.564514627210000047e-04
-6.512694526460000022e-04
2.315817400810000007e-04
-2.068198518830000000e-04
3.162121283819999780e-04
-3.632741281759999975e-04
4.315960395620000172e-04
-1.076791741070000000e-04
5.764238303529999616e-04
-3.323318669570000049e-04
2.449425810480000253e-04
-4.134558257650000168e-04
3.186583926439999796e-04
-4.734987742269999877e-04
2.933847717940000154e-04
-3.776564553849999766e-04
