 Nom d'utiliateur: comblefa
 Date et heure: 03/04/18 10:40
 Type de mesure : ser
 Nom mesure : vide_hor
 Puissance émission : 0.0

 Mode angulaire : fixe
 Angle fixe : 0
 Angle initial : none
 Angle final : none
 Pas angulaire : none

 Mode en fréquence : balayage
 Fréquence fixe (GHz) : none
 Fréquence minimale (GHz) : 2.5
 Fréquence maximale (GHz) : 17.5
 Nombre de points de mesure : 1601

 Polarisation : HH, HV, VH, VV, 
 Plaque canonique - longueur : none
 Plaque canonique - largeur : none
 Sphère canonique - rayon : none

1.412807265299999933e-03
-4.911820869890000428e-04
-1.965500181539999846e-03
2.803815063090000104e-03
1.400553854180000080e-03
4.435374867169999610e-03
-9.208237752320000760e-03
1.493776217099999915e-02
-2.171024493869999974e-02
3.006000816820000171e-02
-3.440323844550000065e-02
3.765040263529999959e-02
-3.614005818959999811e-02
3.387458994979999916e-02
-3.258061036470000227e-02
3.358743339780000114e-02
-2.972088940439999993e-02
2.561924420300000158e-02
-2.015242539350000153e-02
1.352328993379999997e-02
-8.963315747680000722e-03
5.188002251090000072e-03
6.798170506950000505e-04
-5.583285354080000026e-03
9.541621431709999476e-03
-1.276551093909999990e-02
1.337889209390000049e-02
-1.606783829629999938e-02
1.791490800679999829e-02
-2.159462869170000049e-02
1.921613514420000141e-02
-1.950042881070000039e-02
1.903503201899999983e-02
-2.290010452269999885e-02
2.476242557170000094e-02
-2.285968698560000151e-02
2.041795104740000075e-02
-2.182302437720000030e-02
2.435284852979999887e-02
-2.280039340260000061e-02
2.030398137870000064e-02
-1.848070323470000012e-02
1.740395650270000136e-02
-1.409981679170000009e-02
1.282912958409999915e-02
-1.033726334569999919e-02
6.490002851930000427e-03
-5.935363471510000238e-03
5.052672233430000395e-03
-2.205361844970000085e-03
3.085531643589999734e-04
-7.388919475489999673e-04
4.931951407339999578e-04
6.567198433909999947e-04
-4.457113798709999575e-03
4.609384573999999665e-03
-5.183786619450000098e-03
9.758737869560000361e-03
-1.057416107509999946e-02
1.213350985200000072e-02
-1.474430505189999914e-02
1.553681213410000074e-02
-1.501748058940000075e-02
1.769049093129999861e-02
-1.676545478399999942e-02
1.238550897690000006e-02
-1.237698364999999939e-02
1.240124925970000069e-02
-9.247282519939999806e-03
8.284564130010000499e-03
-9.656812064350000016e-03
6.447092164310000255e-03
-5.340247880669999822e-03
4.935757257040000213e-03
-2.405573846769999864e-03
-8.487462764609999752e-04
1.389618497339999929e-03
-3.969497978690000352e-03
7.494108285750000244e-03
-5.397388245910000187e-03
5.349133629349999905e-03
-6.810700055210000027e-03
5.874444264920000366e-03
-5.251149646939999929e-03
2.445223508399999891e-03
3.082425973839999817e-04
2.563583664599999954e-03
-2.094617113469999896e-03
-1.348656252959999895e-03
-1.767931622449999893e-03
5.200985819099999616e-03
-4.151334986090000033e-03
-6.094867712819999764e-04
-3.712233155970000049e-03
7.231368217620000316e-03
-2.265429357070000097e-03
2.221048198410000062e-04
-6.316686980430000382e-03
7.290522102270000429e-03
-3.276120172809999804e-03
5.848904140290000359e-03
-5.093512590970000059e-03
3.495586337519999975e-03
-4.558431915940000002e-03
3.822801634669999952e-03
-1.169520430270000032e-03
-4.083912645000000005e-04
-5.111641366970000062e-04
6.433962262239999999e-04
2.293834695589999900e-03
-5.776603706179999839e-03
2.347808564079999997e-03
1.539861841590000062e-04
1.513500465079999991e-03
-2.032184042040000201e-03
-6.999663892199999796e-04
1.886615355030000043e-04
-2.170790394299999956e-04
3.453168552369999950e-03
-2.885315101590000143e-03
-4.050098359579999913e-04
-2.876593789549999804e-04
4.253813531250000106e-03
-4.236432258040000003e-03
-1.269736210819999954e-03
1.831956091340000052e-03
5.474248435350000108e-03
-8.543045260010000488e-03
8.627707720730000505e-04
1.232047448869999983e-03
7.879209704699999609e-03
-1.101284008469999992e-02
3.889929037540000058e-03
2.891578769779999951e-04
1.834597322159999943e-03
-5.088412668560000386e-03
4.025584086780000306e-03
-1.609689570609999847e-05
7.006473606449999635e-04
-4.487217403950000127e-03
4.393782000990000339e-03
-1.497288001699999998e-03
3.396586980670000117e-03
-6.980658043180000202e-03
5.241935607050000195e-03
-2.706950763239999915e-03
3.074094187469999899e-03
-2.042122883719999903e-03
7.536250050179999676e-04
-4.976012278349999660e-04
-2.158288698410000040e-04
1.814897987059999919e-03
-3.027758561070000107e-03
4.730231128630000420e-03
-5.154761020089999868e-03
5.836146883670000410e-03
-5.245679523800000389e-03
6.758230272679999727e-03
-7.327822502700000011e-03
7.791139185430000225e-03
-7.169933058319999733e-03
7.656963542099999576e-03
-7.581692188980000170e-03
6.901454180480000311e-03
-6.138936616480000080e-03
6.701322738079999904e-03
-7.212437223640000110e-03
7.289844565090000152e-03
-6.194373592730000044e-03
5.572230555120000380e-03
-5.293752532450000416e-03
4.601180553440000279e-03
-5.252369213849999996e-03
4.201262257989999901e-03
-4.649990238250000137e-03
4.405939020220000363e-03
-4.072548821570000019e-03
3.319471376019999913e-03
-2.697872463609999813e-03
2.742563607169999987e-03
-4.407676868140000120e-03
4.767555277789999914e-03
-3.382434137169999886e-03
3.491333918649999930e-03
-4.077658522870000399e-03
4.554579034449999717e-03
-3.536792471999999823e-03
5.146814975890000310e-03
-2.827951451760000057e-03
2.107597421849999927e-03
-3.878912422810000104e-03
1.560578821229999984e-03
-2.971622627229999862e-03
1.902639283800000016e-03
-1.454900484529999963e-03
-5.196421989239999491e-04
-5.772578879260000526e-04
-5.716550513170000347e-04
1.804302795789999901e-03
-3.427739720790000128e-03
3.875286784019999885e-03
-3.726369701329999926e-03
4.432639107110000060e-03
-4.225223325190000101e-03
6.105723325160000020e-03
-5.833300296220000382e-03
5.523372441530000412e-03
-5.583914928140000337e-03
5.791902076449999791e-03
-5.588950589299999938e-03
3.880458185449999799e-03
-4.879881162199999935e-03
4.671662580219999687e-03
-3.354019019749999997e-03
2.363937906920000019e-03
-2.970479661599999873e-03
2.450429834429999985e-03
-2.042185747999999794e-03
1.141805900260000088e-03
-1.774608972479999958e-03
1.113087870179999906e-03
-1.650186371990000102e-03
2.721874043349999800e-03
-5.170634831299999882e-04
1.134589663710000021e-03
-2.439850708470000032e-03
3.621327225120000038e-03
-3.237557364630000087e-03
2.439772244540000003e-03
-3.978854045269999973e-03
3.430639393630000207e-03
-4.342845641080000409e-03
4.787941928949999808e-03
-4.179369192570000363e-03
5.897490773350000381e-03
-6.104982458059999770e-03
6.165295839310000296e-03
-5.010068882259999766e-03
5.491041112690000017e-03
-6.081020459530000338e-03
5.062386393550000196e-03
-4.954081494359999921e-03
3.307692240920000193e-03
-3.601778531449999817e-03
1.419818494470000093e-03
-2.823191694920000085e-03
1.531383022670000085e-03
1.323868054900000091e-03
4.359313461460000171e-04
-1.702675828709999993e-03
-1.323536271229999988e-03
5.074141663500000496e-04
8.779554045760000133e-04
1.758015365339999931e-03
-2.146889688450000049e-03
1.858612406070000046e-03
-1.897710026239999908e-03
3.366049611939999839e-03
-3.310323925689999912e-03
2.804700983689999930e-03
-2.765113953499999909e-03
3.418691921979999902e-03
-3.272007917989999942e-03
1.556047936899999928e-03
-5.663847550749999925e-03
5.893972236659999683e-03
-2.601035870610000130e-03
4.781045950950000428e-03
-6.472759880129999935e-03
4.346856381740000358e-03
-5.078603513539999698e-03
6.743820384140000387e-03
-5.584876053040000246e-03
2.981724450359999994e-03
-3.504479769620000122e-03
7.102086674420000391e-03
-3.035408211870000133e-03
2.655097050589999997e-03
-3.992342855780000102e-03
4.331037402150000187e-03
-1.316807116379999955e-03
2.078742254530000118e-03
-5.043153651060000055e-03
2.098332624879999803e-03
-9.655266185290000162e-04
1.768630230799999974e-03
-3.090849611910000214e-03
1.257385942149999913e-03
-2.271170495079999872e-03
1.594633678910000081e-03
-1.125084309019999955e-04
3.936558961870000040e-03
-1.587876351550000049e-03
-2.078070538120000061e-04
-3.403993090610000095e-03
2.747035585340000096e-03
-8.230842649940000189e-04
1.512277987789999991e-03
-2.346784574910000011e-03
3.359796828590000070e-04
-2.605898189359999949e-04
1.677647931499999957e-03
-3.242254606449999888e-04
1.137164217649999935e-04
2.808771969280000175e-04
-2.385310217510000052e-04
2.346506335020000084e-05
-4.570037708619999802e-04
4.471990687310000161e-04
-1.038024085569999892e-03
8.069220930339999478e-04
-1.679422333839999991e-03
2.405402716249999909e-03
-2.225976437330000075e-03
1.928945654070000036e-03
-1.948622055350000088e-03
2.240191912280000124e-03
-2.217338653280000096e-03
2.312510740010000152e-03
-2.937871031459999855e-03
2.002272056420000002e-03
-1.338664093050000040e-03
1.552315196020000003e-03
-1.421120483429999916e-03
1.499263220469999923e-03
-1.705816481259999923e-03
1.615998684430000089e-03
-1.745247427609999881e-04
1.333274412899999959e-03
-1.478276215489999915e-03
1.024738303390000053e-03
-2.009589923549999924e-03
2.075559459630000117e-03
-7.439867476930000448e-04
3.930998791469999891e-04
-2.476242603730000047e-03
2.685052109879999902e-03
-1.657828688620000077e-03
2.187490230430000002e-03
-2.222254173830000203e-03
1.387309632259999979e-03
-1.717351609840000104e-03
2.511155558749999985e-03
-2.428968204190000077e-03
1.875733374620000039e-03
-6.754644564350000078e-04
1.545009901749999940e-03
-2.333353273569999803e-03
1.675374805929999910e-03
-1.957966946069999905e-03
1.519538462159999905e-03
-3.729470481630000017e-04
8.267107768919999822e-04
-2.113468479370000149e-03
2.550110220909999892e-03
-9.787111775950000682e-04
1.527238171550000106e-03
-1.112268422729999900e-03
1.299179857600000045e-04
-2.293220488350000089e-03
2.434647409250000061e-03
-1.681779278440000006e-03
7.688374607819999833e-04
-9.685113909649999825e-04
2.586011076350000146e-03
-1.501008053309999934e-03
2.690020482989999989e-03
-2.549819648269999791e-03
1.866699312810000001e-03
-2.078424207870000016e-03
1.661166083070000042e-03
-3.392222104590000148e-03
2.897328231479999894e-03
-3.092705039309999980e-03
2.523401286450000208e-03
-1.938484143470000070e-03
1.979344058780000033e-03
-2.758316928519999843e-03
2.708449959749999886e-03
-1.357562025080000017e-03
1.290370360950000026e-03
-2.771228319030000263e-04
4.627825983330000233e-04
-5.407938151619999913e-04
1.160698593590000062e-04
9.830947965379999501e-04
-2.866038994399999849e-04
1.012327848000000013e-03
-1.627060817549999972e-03
7.124074618329999820e-04
-1.103843445890000021e-03
8.248478989120000375e-04
-1.400225330139999924e-03
9.277559001930000540e-04
-1.223157625650000014e-03
1.373897539450000087e-03
-6.442117155529999929e-04
1.951255835589999908e-04
-8.209083462129999681e-04
5.911557818760000346e-04
-8.916624938139999876e-04
7.039046031419999823e-04
-4.044623638040000186e-04
6.367819150910000465e-04
-2.993685775439999808e-04
1.625474193130000073e-03
-9.019452263599999969e-04
4.078844212930000110e-04
-1.744675915689999956e-03
1.421901513819999940e-03
-1.651566126379999926e-03
2.604982582850000079e-03
-1.301578595299999900e-03
2.728119725360000133e-03
-4.112701397390000103e-03
2.621917519720000193e-03
-3.008774481710000098e-03
4.493934568019999735e-03
-4.811530001460000150e-03
3.432939061900000186e-03
-6.128184031700000325e-03
4.540670197459999863e-03
-3.754289587960000195e-03
6.394809111950000048e-03
-4.093841649589999819e-03
3.843074431639999927e-03
-6.477055139839999615e-03
3.313832916319999974e-03
-3.422651439909999999e-03
6.032015662640000109e-03
-2.828587545079999828e-03
2.629338996479999805e-03
-5.422973539679999677e-03
3.237143391739999865e-03
-1.821184181610000039e-03
4.056821577249999922e-03
-2.849809359760000025e-03
1.952309743500000010e-03
-2.582259709020000207e-03
2.903873799369999838e-03
-1.570620108399999916e-03
1.650425489060000032e-03
-3.537487937139999900e-03
6.219485076139999761e-04
-2.069693757219999864e-03
2.040825551379999835e-03
-8.324875961990000272e-04
1.252495334480000075e-03
-7.685322198090000423e-04
1.484304550099999932e-03
-5.576629773709999979e-04
-4.686918400690000155e-04
-1.874764915559999894e-03
-2.477037487550000014e-04
6.167214014570000010e-04
5.255327560009999703e-04
7.624126737940000505e-04
2.959205885419999922e-04
9.212362347170000411e-04
-2.575714643170000140e-05
9.549510432409999720e-04
-1.745922374539999938e-03
-8.287096279669999704e-04
-1.543398248030000046e-03
1.084425719449999981e-03
-5.677072331310000506e-04
1.346128992740000052e-03
-1.966790994629999834e-03
1.623164163899999983e-03
-3.490672097539999734e-04
1.416935934689999904e-03
-2.422525780279999926e-03
1.339139533229999910e-03
-2.288427436720000003e-03
1.781744649630000003e-03
-2.194530330600000158e-03
1.978540793060000035e-03
-2.374129137019999943e-03
3.650571685279999871e-03
-2.071415772659999845e-03
2.897122176360000193e-03
-3.118776483460000085e-03
2.158664632590000156e-03
-3.094141138719999802e-03
3.339101327580000153e-03
-2.902346430350000086e-03
3.236344084140000028e-03
-3.436745842920000023e-03
3.352945437649999978e-03
-2.594585297630000020e-03
3.955311607569999936e-03
-3.909746650610000304e-03
2.599453320730000117e-03
-3.243515966459999903e-03
2.404540544379999995e-03
-2.813686849549999931e-03
2.178468508649999968e-03
-3.072542371230000020e-03
2.942863153290000040e-03
-1.166278263549999942e-03
2.408068394290000143e-03
-1.951234764419999997e-03
1.217131735760000003e-03
-2.075442345809999818e-03
1.770514878439999936e-03
-1.111669465900000028e-03
1.345266820860000108e-03
-1.890506129710000033e-03
1.167993294079999918e-03
-8.401630911979999974e-04
1.700175576839999978e-03
-8.047625306059999917e-04
6.114889401940000035e-04
-1.381053938529999952e-03
1.709226053210000042e-04
-3.535080759319999904e-04
1.133543672039999915e-03
-1.577802759129999911e-04
2.744675439319999998e-04
-2.315831079609999982e-04
5.071147461419999889e-04
-2.944541920439999890e-04
3.266431449450000091e-04
-3.309999010530000150e-04
-2.179179136870000089e-04
-5.701886402679999917e-05
2.000970562220000021e-04
7.777442806399999535e-05
-2.133501111530000075e-04
-1.856234011939999996e-04
5.052697815700000203e-05
1.828816893980000035e-04
-3.604653174989999901e-04
5.732735735359999543e-04
-2.206860081059999962e-04
-7.988766446939999668e-05
-6.472302484330000241e-04
5.704006762239999598e-04
-2.934722288049999828e-04
1.211096998300000005e-03
-2.718683681449999786e-04
1.769998198140000016e-04
-1.089169178160000065e-03
3.679888613990000092e-04
-2.777857298500000004e-04
6.997879827399999461e-04
-9.747543372210000241e-04
-4.531072045210000134e-05
-2.648537338250000128e-04
5.720225162800000266e-04
-2.895314246419999926e-04
-4.531378217509999780e-04
-4.588894953490000217e-04
9.840687562249999631e-05
5.995706305839999545e-04
6.348534370770000284e-04
9.304640116169999925e-04
-3.811065471379999930e-05
-4.041099746249999982e-04
-8.040114771569999846e-04
-8.943901048040000395e-05
-8.657076396049999964e-04
1.141817483589999962e-04
-2.826023228409999888e-05
3.089395177079999957e-04
3.504891355990000170e-04
5.969955818729999909e-04
1.059152637030000066e-04
-5.059040850030000272e-04
3.138652828060000039e-04
-1.224376261229999981e-03
4.785048367919999884e-04
-6.067021749909999682e-04
9.567748638799999494e-04
-7.693625520909999757e-04
9.193546720779999628e-04
-9.391807252540000477e-04
9.976222645489999860e-04
-8.108392357830000513e-04
1.006821170450000009e-03
-1.029272447340000025e-03
6.571497069670000166e-04
-1.423538546080000029e-03
7.356980349869999668e-04
-1.161419670099999918e-03
1.339677488430000060e-03
-7.556894561279999889e-04
1.878470880910000033e-03
-5.792758311150000361e-04
1.774677424690000076e-03
-1.329358317890000016e-03
1.098648295740000010e-03
-2.001408487559999845e-03
1.279820688069999938e-03
-1.999535132199999846e-03
1.493945252150000094e-03
-1.598133239900000101e-03
2.071514027189999812e-03
-1.095773535779999983e-03
1.628443016670000050e-03
-1.455235062170000086e-03
1.244440209120000048e-03
-1.410537282940000107e-03
3.815546806440000237e-04
-1.607541460540000107e-03
7.048540865070000066e-04
-2.808701829050000236e-04
1.016095047819999975e-03
-2.811689628290000025e-04
2.691999543459999808e-04
-2.532525395509999957e-04
-1.002857607090000026e-04
2.628025686140000102e-05
-2.118833363060000066e-04
-5.005009588790000413e-04
-8.663734479339999851e-05
9.435950050830000280e-05
1.311909436479999868e-04
-5.244436397330000063e-05
-5.511852577910000291e-05
-2.342116349609999957e-04
5.493225180539999634e-04
-1.158577579189999933e-04
5.744994996349999885e-05
-2.892269403669999925e-04
5.042079137640000184e-04
6.045557893229999745e-05
4.094057949260000262e-04
-6.975026917640000500e-04
-3.201300933139999863e-05
-5.069957696830000539e-04
2.339946513530000020e-04
-5.871682078580000175e-04
2.195283304900000072e-04
-1.317778514929999925e-04
7.447958341799999511e-04
1.470075949329999968e-04
4.904348752460000122e-04
-5.222736508590000151e-04
-1.359807938570000026e-04
-1.328515354540000062e-04
2.560221946620000095e-05
-3.931300889229999841e-04
-2.525890886320000177e-04
-5.479436731550000120e-05
5.986518808639999713e-04
7.718101260249999500e-04
3.071972751059999854e-04
-3.233264142179999886e-04
-2.844289410860000164e-04
1.742181921139999924e-04
1.078677378250000060e-04
-6.802001735199999632e-04
-4.442436329550000264e-04
2.696770570760000067e-05
3.923053445760000223e-04
5.367861012929999820e-05
3.063381655009999880e-06
-1.511209557070000058e-04
2.059374237430000023e-04
2.677900774870000072e-04
3.552753187250000085e-04
-1.053378437060000004e-04
-1.352920953649999866e-04
-3.192862204740000106e-04
-4.880319465879999767e-05
-3.158455365340000312e-05
-1.418155588909999912e-04
-2.330603310840000000e-04
-2.951709320769999815e-04
5.194762488829999820e-04
1.029102932079999961e-04
7.385791395790000007e-04
-5.174709367570000038e-04
4.212098137939999866e-04
-7.641289266760000268e-04
6.162570207380000135e-04
-7.969292928459999854e-04
7.704001036470000232e-04
-8.326290990229999640e-04
9.451060323039999975e-04
-5.864463746549999652e-04
1.244553364809999939e-03
-6.046441849320000452e-04
2.552923688199999937e-04
-1.250457717110000028e-03
7.340248557739999539e-04
-6.685523549089999670e-04
8.171631488950000443e-04
-9.803256252779999399e-04
6.974850548430000085e-04
-8.066167356450000114e-04
1.143190893339999939e-03
-9.352277847940000319e-04
9.340262040500000055e-04
-1.347882556730000108e-03
1.064669922930000078e-03
-1.197900623079999928e-03
1.773457974199999952e-03
-9.542680345479999642e-04
1.275402260939999992e-03
-1.394093269480000058e-03
1.505034277219999923e-03
-1.317741698589999962e-03
1.024459023029999916e-03
-1.674936735070000010e-03
1.310123945590000024e-03
-1.151520758870000103e-03
1.758990925740000055e-03
-1.174188684670000003e-03
1.308198901819999970e-03
-1.638943911530000045e-03
1.492964569480000102e-03
-1.343661337159999906e-03
1.255002571269999909e-03
-2.019971376279999960e-03
1.205799519079999924e-03
-1.354785286820000103e-03
1.966557698320000203e-03
-1.111355843020000013e-03
1.132589532060000043e-03
-1.506124506700000061e-03
1.329634804279999916e-03
-1.015964196989999893e-03
1.777079887690000051e-03
-1.027471153070000105e-03
6.984056089999999845e-04
-1.497762626969999927e-03
1.348609803240000083e-03
-8.752956055099999971e-04
9.676198242230000385e-04
-1.405315706510000106e-03
9.583213832230000340e-04
-5.294324946589999952e-04
1.424010726619999922e-03
-8.690950344319999616e-04
3.719519881999999960e-04
-1.021216972729999985e-03
3.954184940080000083e-04
-6.891932571310000312e-04
1.554604677950000079e-04
-6.126716616560000253e-04
1.861567216110000033e-05
1.368722296320000064e-04
4.440340562720000240e-04
4.863047506660000204e-04
-2.980777353509999803e-04
3.052885222130000240e-05
-5.634894478130000319e-04
6.373504293149999606e-04
-5.862041143700000160e-04
6.920167361389999595e-04
-8.687594090589999783e-04
7.195226498879999689e-04
-9.517007274549999776e-04
1.323031377980000067e-03
-5.273545393720000321e-04
8.906347211450000093e-04
-1.156034413729999924e-03
6.128937820899999552e-04
-1.478335820140000076e-03
9.077750146389999613e-04
-1.180390245279999998e-03
9.185734670610000126e-04
-1.281949225809999931e-03
1.394981285559999907e-03
-6.295652128760000380e-04
1.710111857389999979e-03
-1.317744841799999966e-03
4.530131700449999935e-04
-1.321061281490000039e-03
1.511320821010000027e-03
-7.611725595779999945e-04
1.252017216759999940e-03
-1.529501983900000053e-03
1.171606476419999971e-03
-1.187345944340000101e-03
1.842195400970000072e-03
-1.375647610979999907e-03
9.902323363349999595e-04
-1.678651664410000079e-03
1.424537855200000034e-03
-9.099784656430000502e-04
1.182085485200000006e-03
-1.442179200239999959e-03
8.135258103720000283e-04
-5.982599686829999895e-04
1.485022599809999967e-03
-7.857337477620000453e-04
2.255266590510000076e-04
-1.717382809149999977e-03
8.806050755080000424e-04
-1.756873971320000013e-04
1.369640463960000070e-03
-1.118406886229999933e-03
7.218863902380000155e-05
-9.931630920619999824e-04
1.440020860170000087e-03
-2.096288953910000114e-04
6.918184226379999781e-04
-1.642628922130000106e-03
7.836087024769999463e-04
-8.781843353060000404e-04
1.646015676670000002e-03
-8.756697061469999582e-04
5.724610527980000417e-04
-1.423679292200000050e-03
1.593544264320000039e-03
-2.820613444780000075e-04
1.380093046459999898e-03
-1.218416262419999953e-03
6.694465409960000330e-04
-1.224149949849999983e-03
1.009423052890000066e-03
-7.310109212990000167e-04
6.903964676889999628e-04
-1.077348017130000000e-03
7.962839445100000028e-04
-4.093532043039999828e-04
8.823352400209999707e-04
-5.821936647410000387e-04
2.895994111899999942e-04
-9.453446255070000175e-04
5.906802252869999955e-04
-2.009987510970000007e-04
3.393033985049999954e-04
-3.871512308249999766e-04
2.095133677360000012e-04
-1.537374046169999887e-04
2.653007977639999858e-04
2.417011419310000021e-04
-2.808597173500000060e-06
-1.716432452670000111e-04
-9.274743933930000507e-05
4.373028932600000205e-04
6.715529889330000622e-05
2.483764255889999903e-04
-2.177664573540000106e-04
1.567741128379999981e-04
-2.125796891049999899e-04
5.962657160129999868e-04
-4.376454162410000162e-04
8.819378126649999466e-05
-6.067533395250000435e-04
3.920451854359999883e-04
-3.994601138400000087e-04
4.651803174060000173e-04
-8.708229870539999952e-04
3.226017579439999857e-04
-5.142031004650000035e-04
1.290061976760000038e-03
-6.394402589649999602e-04
5.747754476030000458e-04
-1.135022379459999951e-03
7.396816508839999717e-04
-8.055110811259999807e-04
1.001407857979999929e-03
-1.135069644080000106e-03
9.088795050049999725e-04
-8.897429215720000341e-04
1.456297584809999966e-03
-7.977123605090000484e-04
8.643192122690000149e-04
-1.197541248979999912e-03
8.515922236259999617e-04
-1.173846074380000080e-03
1.089185359890000072e-03
-1.336149405690000057e-03
8.016565698199999788e-04
-1.180807012129999993e-03
1.739571685900000077e-03
-6.769885076210000342e-04
1.371803577060000043e-03
-1.453045289960000052e-03
6.190532585610000272e-04
-1.314297784119999911e-03
1.474458491430000098e-03
-9.176797466350000492e-04
8.616583072580000311e-04
-8.642610628159999716e-04
1.070263679139999997e-03
-3.605197707660000241e-04
9.984704665839999518e-04
-9.442716836930000000e-04
1.334667467749999913e-04
-6.819418049420000261e-04
6.875280523670000265e-04
7.419053144990000364e-05
2.335746539759999915e-04
-4.798275185749999974e-04
2.675020659809999890e-04
2.664478088259999967e-04
3.142177884000000058e-04
-3.620128263720000066e-04
-3.950737009290000257e-04
-4.352200776339999744e-04
-1.048597332560000062e-04
1.691257493800000069e-04
-1.865801605160000067e-04
-7.679338159509999573e-05
1.976651219589999861e-05
5.245796637610000007e-04
9.803744615059999492e-05
1.023548175000000025e-04
-6.334952777249999853e-04
-1.411611738149999898e-04
-1.252232905240000026e-04
3.963539202230000188e-04
-4.447569081089999799e-04
2.778074413069999814e-04
-3.225881082470000226e-04
5.868367734369999691e-04
1.492793671790000056e-04
5.137358093629999876e-04
-4.263984155840000261e-04
-1.306838094019999955e-04
-6.136387819419999827e-04
3.348800819370000102e-04
3.086724973400000089e-05
2.474105276629999821e-04
-4.418469616209999757e-04
1.097744388969999979e-04
7.612964691360000233e-05
3.571552806529999769e-04
-3.291159227959999825e-04
-3.014222020279999897e-04
-3.677418571900000128e-04
2.822049718819999919e-04
2.869298805309999917e-05
2.765428798740000036e-04
-4.676207026930000047e-04
1.820695615609999930e-04
-2.662903571039999893e-04
5.568178603429999995e-04
3.835558345600000183e-06
1.655633968769999872e-04
-4.664451407729999842e-04
3.263608668930000241e-04
-2.300578926220000066e-04
2.527261967770000144e-04
-5.479702376760000292e-04
4.237821485730000154e-05
-1.675961102590000089e-04
8.102431893350000311e-04
-5.699343819290000315e-05
7.213706703620000006e-05
-5.456854123619999785e-04
1.751118688839999982e-04
-2.021114196400000120e-04
4.752931708940000190e-04
-1.281662407559999944e-04
1.261008437719999989e-04
-1.912846346389999964e-04
5.751476273870000187e-04
-1.546714483990000019e-04
8.861857349980000170e-05
-7.116289343680000292e-04
2.171859669029999962e-04
-2.335147728450000064e-04
6.585044902750000371e-04
-2.191369421779999901e-04
6.215330213309999685e-04
-2.122857695209999995e-04
4.201128613200000154e-04
-5.673483829010000402e-04
1.241414283870000026e-04
-5.289904656820000302e-04
1.761122694010000132e-04
-2.761748037299999962e-04
7.085046381689999494e-04
-1.440189953430000129e-04
6.140188779679999799e-04
-2.515760133970000264e-04
2.497508830860000221e-04
-2.863884437829999820e-04
3.314525529279999734e-04
-6.674585165459999891e-04
7.308964995899999608e-05
-1.195420554720000013e-04
5.919258692300000254e-04
2.492621715649999859e-04
2.999514981639999755e-04
-4.029465198979999773e-04
1.708498311929999977e-04
-3.002597077280000105e-05
6.157415919010000274e-05
-2.335233148189999912e-04
-2.512845385350000161e-04
-9.435982792640000007e-05
2.562810550439999788e-04
9.640277130530000051e-05
2.419622178419999982e-04
4.869287749900000077e-06
1.668340155450000157e-05
-8.500537660439999902e-05
-1.800479512890000122e-04
-1.348542718919999966e-04
-1.551844070489999855e-05
8.412320312350000180e-05
7.220792758740000590e-05
2.094486262650000006e-04
7.689621270400000621e-05
-2.254446008010000063e-04
-9.037779818750000106e-05
-1.016668975350000015e-04
6.153172307679999994e-06
1.545178092780000124e-04
-1.383924973199999998e-04
-1.983712718360000008e-04
1.343758049189999965e-04
6.363522970789999925e-06
2.174741821359999926e-04
6.386946915880000646e-05
2.306535170649999902e-04
1.017291215249999982e-04
1.735614059730000095e-04
4.731322405860000112e-05
8.380491635760000204e-06
-2.927297900900000254e-04
1.138678271670000010e-04
-3.013092500620000082e-04
3.373881918380000101e-04
-1.373830455119999939e-04
1.248296612179999974e-04
-3.577943425629999765e-05
3.375922387930000248e-04
-2.379405486859999979e-04
1.465151872249999916e-04
-4.499210917860000151e-04
5.921789852439999721e-05
-1.445595844420000001e-04
2.120922144970000109e-04
-3.119659959340000230e-04
3.365341981410000134e-04
-3.869369975289999909e-04
4.352572432250000197e-04
-1.345883938479999959e-04
3.276361676399999908e-04
-5.482581327670000117e-04
1.888511906149999923e-04
-4.110120935370000189e-04
1.991729368460000112e-04
-2.528437471479999814e-04
1.753790565999999987e-04
-2.289747499159999918e-04
5.414387560450000317e-04
-1.921946095539999908e-04
2.645145650599999864e-05
-4.352276446299999861e-04
8.015931962289999486e-05
-2.510096528570000232e-04
4.806159995499999986e-04
-1.916200126289999898e-04
-4.054148666910000192e-05
-5.922064301559999732e-04
2.871998294720000096e-04
-1.147656803369999964e-04
2.196401474069999951e-04
-5.583254387600000441e-04
1.937067718249999948e-04
-1.826446095950000023e-04
3.929857630279999883e-04
-9.038692951440000488e-05
3.102944538109999895e-05
-3.159436455460000177e-04
9.675478213469999866e-05
-1.807908120099999930e-04
-9.363202116220000414e-05
-3.944779164160000084e-04
1.843497448139999920e-04
1.728245551929999966e-04
1.537946518510000015e-04
8.946051821109999495e-05
4.145174170840000029e-05
1.251830544789999896e-04
-7.471966091540000485e-05
1.961035559359999966e-05
-1.683904702080000104e-04
2.730079868340000112e-04
-2.595949918030000065e-04
3.379076370039999790e-04
-1.712589728410000107e-04
3.371149068700000050e-04
-4.675337986550000009e-04
4.777847061630000145e-05
-1.816918229450000064e-04
2.401511010249999958e-04
-2.728986146390000034e-04
3.408794582360000214e-04
-1.734765828589999873e-04
3.105576324739999731e-04
-4.887828254139999504e-04
2.989628992510000001e-04
-4.512577725109999860e-04
1.269229833270000011e-04
-3.506485081740000126e-04
5.398733192119999991e-04
-3.090133250230000139e-04
4.553718608799999781e-04
-3.364722651899999914e-04
5.275069852359999490e-04
-4.644830769390000027e-04
5.774107412439999799e-04
-6.296377396210000275e-04
3.464090987109999823e-04
-6.468527135439999885e-04
6.363947177310000456e-04
-5.941263516430000339e-04
7.573777693319999572e-04
-6.373887881640000110e-04
6.368981557900000407e-04
-7.328988867810000331e-04
7.696560933250000359e-04
-8.169640786950000538e-04
7.504310924559999671e-04
-9.100437164309999483e-04
1.024443772619999977e-03
-1.027820748280000064e-03
7.621496915820000521e-04
-1.185758039359999932e-03
7.587039144710000125e-04
-9.554711286909999685e-04
1.058515743349999934e-03
-1.137571642179999913e-03
1.036914531139999929e-03
-9.700629743750000065e-04
9.110342361959999522e-04
-1.040850416760000056e-03
9.931923123079999371e-04
-9.472347446719999852e-04
1.110227196479999894e-03
-9.129169629890000097e-04
9.939559968190000983e-04
-1.015724381429999965e-03
9.934814879669999748e-04
-9.381826966999999616e-04
8.634798577990000215e-04
-8.258454035969999690e-04
1.106937066650000084e-03
-7.673061336389999740e-04
6.519421585839999629e-04
-1.103276503269999933e-03
4.901140346189999854e-04
-8.279185276480000239e-04
5.121589056219999969e-04
-5.094295484010000034e-04
4.791441024279999793e-04
-1.540377561470000105e-04
5.678581655959999896e-04
-4.925123648719999811e-04
2.671744441609999856e-04
-4.605711728799999805e-04
2.551893412599999804e-04
-4.818489251190000134e-04
3.205194370820000000e-04
-5.872077890669999628e-04
2.679306198840000243e-04
-2.268875832669999904e-04
3.796971286650000074e-04
-1.667432807150000045e-04
2.624545886650000103e-04
-2.702806668820000014e-04
1.552646426719999913e-04
-1.814786519389999903e-04
2.760911775110000090e-05
-5.102551658639999837e-04
-3.004613681699999888e-04
1.133218320320000008e-04
2.350814756939999999e-04
3.361660928929999801e-04
-1.245640014529999877e-04
-1.716320002739999992e-05
-3.902591997760000014e-04
7.707770419069999478e-05
-3.387904434929999743e-04
-1.131306053139999969e-04
-4.361229075579999936e-04
4.094571631869999982e-04
-2.477536036169999956e-04
7.823872729200000240e-04
-3.566814702940000010e-04
5.116501706650000312e-04
-4.823152266909999891e-04
5.361143266780000506e-04
-5.040072719569999981e-04
6.290657329369999870e-04
-5.415451014409999615e-04
7.093539461489999911e-04
-5.003446131009999876e-04
7.901536882849999940e-04
-6.304217968140000223e-04
6.783202406950000068e-04
-8.393682655880000017e-04
6.355048972180000425e-04
-8.265334181489999727e-04
9.142373455689999920e-04
-6.219241768119999816e-04
9.980583563449999668e-04
-9.943835902959999567e-04
1.051084720529999903e-03
-9.577214368620000536e-04
9.313364280390000255e-04
-1.057744608260000095e-03
9.378996910530000477e-04
-9.176963358189999583e-04
1.179902814329999950e-03
-9.676089975979999857e-04
1.045033568520000074e-03
-1.112457830460000102e-03
1.069341553379999938e-03
-1.078758854420000003e-03
9.361316915600000066e-04
-9.883455932139999060e-04
7.054166053419999929e-04
-6.753938505430000065e-04
1.185376429929999942e-03
-6.759057869199999475e-04
7.668868638580000419e-04
-7.478514453400000178e-04
4.710221837740000096e-04
-8.318364270960000280e-04
6.160908960739999588e-04
-6.005968898529999954e-04
5.715684383180000055e-04
-6.070266244930000487e-04
6.652394076810000476e-04
-3.625324170569999829e-04
6.931242533030000348e-04
-5.613282555709999538e-04
1.174153730970000042e-04
-2.292019198650000107e-04
3.542685881260000257e-04
-1.835687580749999920e-04
2.840060005840000160e-05
-1.058531779559999974e-04
3.944502968810000010e-04
3.962818009310000258e-04
2.971445501320000128e-04
9.819166007220000525e-05
3.997595194960000157e-05
9.204280650010000428e-05
-1.814293063940000022e-04
-5.989615237920000080e-05
-4.489377606660000246e-04
8.936555968830000110e-05
-2.387351923970000011e-05
5.112141370769999939e-04
-2.073578652930000126e-04
1.169121096610000019e-04
-5.114802625030000520e-04
4.728333442470000238e-04
-5.190033698449999806e-04
2.207825600639999933e-04
-5.577572737819999800e-04
5.042226403020000315e-04
-2.790523576549999740e-04
7.916789036240000398e-04
-3.771237679760000008e-04
4.130534944119999786e-04
-6.166932871569999735e-04
6.363071734089999600e-04
-3.673805913419999941e-04
4.022051580249999753e-04
-7.878092583269999741e-04
9.092905384019999478e-05
-3.767334565050000066e-04
6.978847086430000355e-04
-1.275513059230000119e-04
2.950173802669999747e-04
-4.017380706500000187e-04
2.346000837860000125e-04
-3.298496885690000010e-04
2.957757678810000166e-04
-6.235056789590000259e-04
3.302885743320000149e-04
-1.568206353109999947e-04
5.846708081659999666e-04
-2.262090129080000019e-04
2.932162606159999783e-04
-4.443856596480000093e-04
3.186175599689999773e-04
-2.004226407729999947e-04
4.251952486810000247e-05
-5.940325208940000056e-04
2.079928090099999929e-04
-1.018903276419999993e-04
6.522503099400000408e-04
-2.706353843680000203e-04
1.780304155549999987e-04
-4.134443879590000027e-04
3.794865042440000212e-04
-2.546049654479999916e-04
2.826191484930000268e-04
-4.954203031959999873e-04
7.616645598319999894e-05
-3.869922074949999798e-04
3.754810022659999880e-04
-1.476430225010000044e-05
4.326135676820000268e-04
-3.411583311389999981e-04
3.268959699200000082e-04
-2.224913623649999936e-04
3.519284073260000190e-04
-3.686784475579999885e-04
1.902904623419999944e-04
-3.106947697229999958e-04
3.372702922209999763e-04
-2.336802281210000076e-04
1.974636106750000052e-04
-2.586871560199999914e-04
2.825298870450000123e-04
-3.878019924740000197e-04
3.215957622159999789e-05
-3.997123567389999780e-04
3.238603239879999816e-04
-3.581116907299999852e-04
4.163442645219999770e-04
-5.014020716770000233e-04
2.362422092119999977e-04
-1.483681699029999941e-04
5.917345406489999717e-04
-2.668706583790000247e-04
2.054055803459999918e-04
-4.251731152180000068e-04
8.397312922169999471e-05
-2.377350901950000010e-04
2.050416951529999868e-04
-2.925642183979999746e-04
-8.604829054090000040e-05
-2.272781130159999888e-04
1.182588857770000084e-05
2.911024785130000088e-05
7.689019548709999537e-05
-4.661833372670000185e-05
-9.876691183310000205e-05
-8.903884736360000629e-05
9.596935706209999565e-05
1.611652551220000022e-04
1.323516917179999976e-04
4.835578874920000073e-05
-2.819865585480000065e-05
1.127698124040000063e-04
-1.401576737409999951e-04
1.428492105330000103e-04
-3.457218990659999855e-04
1.231490459759999943e-04
-2.792537561620000173e-04
3.213877789679999851e-04
-1.614427601450000086e-04
2.138167037629999981e-04
-4.315102123660000230e-04
5.098121255290000267e-05
-4.497053159870000255e-04
4.443933721629999742e-04
-2.935848897319999896e-04
2.979765413329999997e-04
-2.346653927819999897e-04
3.743900451809999987e-04
-2.191877720180000115e-04
3.653356689029999904e-04
-3.514765703580000132e-04
1.890958665169999902e-04
-3.790538175959999806e-04
3.561506746339999875e-04
-2.000044332820000051e-04
4.562148242259999849e-04
-2.943236904679999758e-04
2.497267851139999906e-04
-4.060204082630000048e-04
2.545311872380000132e-04
-3.134036669509999832e-04
8.883041300579999850e-05
-2.130206848960000112e-04
1.411695557180000084e-04
-2.116888063030000040e-04
3.012134984599999918e-04
-4.738728166560000053e-04
3.546868101689999741e-04
-2.331277064510000132e-04
4.415170697029999853e-04
-2.035266224990000085e-04
2.208946825699999953e-04
-3.592336724979999763e-04
1.857143797679999971e-04
-2.696500159800000059e-04
1.792727416609999898e-04
-4.018671461380000096e-04
2.383711398579999897e-04
-2.284456277269999904e-04
3.372784703969999897e-04
-2.173838583989999953e-04
3.366813180040000020e-04
-5.418059299700000086e-04
2.084456646120000107e-04
-3.898498835039999953e-04
6.121019832789999834e-04
-3.633401647679999989e-04
4.079166683369999757e-04
-3.538900637070000041e-04
5.013888003300000446e-04
-1.791979884730000112e-04
2.646585344340000108e-04
-4.450962878760000244e-04
1.817309530449999976e-04
-2.731183776629999768e-04
3.652379091360000163e-04
-3.301037941130000150e-04
1.722950255500000120e-04
-4.788272199220000190e-04
3.173807053829999763e-04
-1.250327186429999989e-04
3.205917892050000242e-04
-1.785812928569999929e-04
2.083376311930000015e-04
-4.162449331489999869e-04
3.985476505479999820e-04
-3.297992807350000029e-04
1.802663464329999881e-04
-4.779857408719999780e-04
2.326065878149999918e-04
-2.153364912369999976e-04
4.643720167219999835e-04
-4.457260074559999774e-04
3.489745431580000188e-04
-5.487362504939999721e-04
5.145096220080000275e-04
5.144211900190000193e-05
3.852979862129999851e-04
-6.049814401190000421e-04
1.036804242179999988e-04
-5.487705348060000149e-04
4.349570081100000065e-04
-3.842157020699999890e-04
2.683545462790000078e-04
-3.176811442239999808e-04
6.253600586210000247e-04
-1.435991725879999948e-04
3.639855422080000074e-04
-5.283912760210000186e-04
6.724987906640000088e-05
-5.392046296039999537e-04
3.375719825270000240e-04
-2.275993319929999999e-04
2.237544540550000054e-04
-3.012414381369999858e-04
2.541602589189999751e-04
1.254156668439999997e-04
3.879753639919999910e-04
-4.336356651040000100e-04
-1.161272593890000062e-04
-3.058501752090000123e-04
2.056714147329999939e-04
4.020981941720000100e-05
9.718462933959999512e-06
-6.263821705940000070e-05
2.706196100920000235e-04
2.573418023529999731e-04
9.816177771429999402e-05
-3.523976556610000150e-05
-1.723828172539999923e-04
-6.890086660860000639e-05
-1.155648787969999937e-04
9.136325388679999689e-05
-5.835944830319999741e-05
-9.461824811300000189e-05
-3.137744206469999879e-04
1.450162817490000075e-04
1.258971024070000121e-04
2.559912973080000057e-04
-1.592875050850000099e-04
-9.635839887779999274e-06
-3.526711079759999794e-04
1.384827919540000121e-04
3.338842361699999827e-05
1.650784397500000122e-04
-2.064529544439999979e-04
1.442517241230000045e-04
-1.456970785510000122e-04
3.801792918239999897e-04
-1.517786586190000050e-04
4.360232196630000251e-05
-2.976086980200000234e-04
2.026534493779999935e-04
-1.549887965669999974e-04
3.941879258490000042e-04
-2.528098993930000152e-04
3.675383777590000286e-05
-4.752655222549999857e-04
1.459847553630000037e-04
-1.483289233870000075e-04
1.907989499159999972e-04
-3.579217882359999941e-04
1.823119091570000062e-04
-4.110746376679999883e-04
4.545604460869999788e-04
-7.695022941330000260e-05
4.450149426699999801e-04
-1.496792265240000018e-05
3.221441002099999771e-04
-2.058800891969999930e-04
1.532170281279999905e-04
-5.759703344669999704e-04
-6.519458111139999333e-05
-4.812537808900000237e-04
2.460499817970000108e-04
2.050792681979999950e-05
7.169198943300000284e-04
-1.117621795860000066e-04
2.791724109559999729e-04
-3.434251411820000229e-04
2.386852866040000093e-04
-4.274471430109999764e-04
1.536033960289999987e-04
-4.569924494720000157e-04
2.249120298070000120e-04
-3.743455163199999871e-04
3.375431697350000254e-04
-1.764634216670000035e-04
2.445524442010000243e-04
-3.848380583799999757e-04
2.495101944079999943e-04
-3.542948979879999923e-04
2.466022269800000164e-04
-2.865019487219999813e-04
2.735872694759999943e-04
-3.177859180140000031e-04
5.896720685999999904e-04
-1.950815058080000014e-04
3.626180114220000001e-04
-4.443769867069999758e-04
2.194018888989999886e-04
-4.064421809740000231e-04
3.511290124150000095e-04
-1.324707409369999976e-04
1.729192590570000022e-04
-2.193284308309999969e-04
5.165348993609999778e-04
-2.890447103710000056e-05
2.065163862429999987e-04
-2.788689453149999849e-04
3.876219852829999846e-04
-2.705803781280000228e-04
1.751716627040000006e-04
-1.906608376879999876e-04
8.745539525990000073e-05
-5.528633846549999725e-05
3.017343806280000062e-05
-1.674660161370000061e-04
3.615062087189999871e-05
-7.261736027430000301e-05
-1.810010871849999936e-04
1.069692871169999913e-06
-8.634926780359999780e-05
-1.035491877699999956e-04
-1.010139239949999960e-04
1.915838220159999988e-04
-2.337410260219999951e-04
8.518403774359999646e-05
-3.686761601779999975e-06
9.085907367989999584e-05
-6.173554720589999496e-05
2.478978422000000219e-04
-1.047334226309999954e-04
2.191725798179999904e-04
-2.148385246979999926e-04
2.468850289009999932e-04
-6.279881927179999568e-05
2.033901546380000123e-04
-7.843054481779999812e-05
3.571072011250000177e-04
-1.304263860220000108e-04
1.126364659289999959e-04
-5.289115360939999943e-04
2.393319737170000044e-04
-3.776810481210000144e-04
3.624632663560000160e-04
-2.387242566330000071e-04
3.590878623070000147e-04
-3.395630337759999832e-04
2.471086045260000117e-04
-2.311470161660000042e-04
1.447123067920000003e-04
-4.841175395999999906e-04
4.709719214590000189e-04
-4.787731159009999977e-04
3.918008587789999892e-04
-4.284011665729999885e-04
4.478885384740000000e-04
-4.143456462770000060e-04
4.908619448540000414e-04
-5.362368538039999875e-04
4.391723196020000191e-04
-3.989274555350000046e-04
3.925705386790000239e-04
-4.251645004840000114e-04
4.873966681770000239e-04
-6.518840673380000119e-04
3.971490950789999730e-04
-4.494942841119999749e-04
4.822571936529999816e-04
-3.833892405959999760e-04
