 Nom d'utiliateur: comblefa
 Date et heure: 03/04/18 10:40
 Type de mesure : ser
 Nom mesure : vide_hor
 Puissance émission : 0.0

 Mode angulaire : fixe
 Angle fixe : 0
 Angle initial : none
 Angle final : none
 Pas angulaire : none

 Mode en fréquence : balayage
 Fréquence fixe (GHz) : none
 Fréquence minimale (GHz) : 2.5
 Fréquence maximale (GHz) : 17.5
 Nombre de points de mesure : 1601

 Polarisation : HH, HV, VH, VV, 
 Plaque canonique - longueur : none
 Plaque canonique - largeur : none
 Sphère canonique - rayon : none

0.000000000000000000e+00
-8.515350520609999210e-03
9.810237213969999134e-03
-8.335526101290000045e-03
1.223429758099999973e-02
-1.921911723910000105e-02
2.011450938879999831e-02
-2.155393734569999858e-02
2.170949056739999994e-02
-1.626339182260000057e-02
1.130844932049999974e-02
-1.749765244310000096e-03
-4.391244612630000425e-03
1.009141560640000081e-02
-1.242929324510000030e-02
1.768888346850000168e-02
-2.627393044529999916e-02
2.869969792660000130e-02
-3.361735865470000251e-02
3.381770104170000318e-02
-3.472769632940000267e-02
3.438226878640000123e-02
-3.542167693380000176e-02
3.314758464689999962e-02
-3.087592124940000127e-02
2.707645483309999851e-02
-2.445735409860000029e-02
2.355406060809999910e-02
-2.091103419659999865e-02
1.750238239769999829e-02
-1.300360169259999997e-02
1.253923308100000043e-02
-1.207053661350000057e-02
1.140245422719999950e-02
-6.792224943639999825e-03
1.305278739889999956e-03
-2.014843281360000071e-03
1.059602014719999942e-03
1.100107212550000078e-03
-7.610850036139999580e-03
8.612819947299999584e-03
-1.071324665099999962e-02
1.286389026790000015e-02
-1.421780232339999936e-02
1.464727614069999927e-02
-1.646297611299999894e-02
1.642271503809999977e-02
-1.428416557610000075e-02
1.593938656149999911e-02
-1.573551259929999863e-02
1.408635359259999970e-02
-1.337135396900000078e-02
1.398795470600000014e-02
-1.583377085630000014e-02
1.514510344709999942e-02
-1.333946734669999926e-02
1.512563507999999980e-02
-1.496686227619999955e-02
1.131940539930000045e-02
-1.204798463730000040e-02
9.012995287780000558e-03
-5.904915742580000258e-03
3.946061711759999736e-03
-2.831360790880000158e-03
-3.589439205830000004e-03
4.755957517770000378e-03
-4.052132833750000419e-03
6.649066228420000280e-03
-8.448977023359999575e-03
6.357102189209999990e-03
-8.691341616209999690e-03
1.047640293839999931e-02
-9.959343820810000539e-03
1.063253078610000048e-02
-1.308288425210000008e-02
1.158631127330000087e-02
-1.118748076260000016e-02
1.111290417610000074e-02
-7.969025522470000664e-03
4.816717933859999620e-03
-5.573090165849999694e-03
3.436806844549999962e-03
-1.274038106200000089e-03
2.450581523590000203e-04
1.665968331510000100e-03
1.007077866229999941e-03
-3.088514320549999841e-03
-4.956888151360000277e-04
-2.081963699310000141e-03
5.598159041259999878e-03
-3.412402933459999978e-03
-8.242801413870000241e-04
-1.436459948309999927e-03
6.156334653500000059e-03
-8.570029167460000135e-04
-2.257477724919999817e-03
-2.865189919250000095e-03
4.464552737769999710e-03
1.035565044730000096e-03
-1.048377249390000047e-03
-2.234109269920000107e-04
-3.404592862350000124e-03
2.054692711679999978e-03
-2.885776106269999797e-03
4.788065794860000071e-03
-5.329345352950000045e-03
3.784098662440000052e-03
-2.745743608100000184e-03
4.235426429659999888e-03
-5.290383473039999597e-03
1.211594906639999920e-03
2.504663774739999873e-03
-7.165166898629999996e-04
-4.793825210070000063e-04
-1.947517856020000064e-03
2.621678402649999830e-03
-1.038384507409999919e-03
3.183959983289999865e-03
-2.127330051740000064e-03
-1.052107661960000095e-03
4.377914301589999830e-04
3.226269735020000085e-03
-2.509703626859999953e-03
-2.307952847329999835e-03
2.063331427049999809e-03
4.863160662350000420e-03
-6.110332906249999960e-03
-2.401630626989999934e-03
4.721675999459999835e-03
3.765150438989999827e-03
-6.288827396929999591e-03
-4.406657535580000076e-03
7.645023521040000131e-03
-3.636965295299999981e-03
1.232735812660000106e-04
-1.729226671159999913e-03
5.256174132230000129e-03
-4.028944298619999836e-03
3.535205614749999743e-04
-5.603770259769999887e-04
4.179317504170000121e-03
-3.368917852640000189e-03
9.055548580360000361e-04
-3.302477067340000173e-03
7.565678097309999628e-03
-7.077898364510000311e-03
6.742720492179999671e-03
-8.349821902810000696e-03
8.106853812930000028e-03
-8.371097967030000433e-03
8.647614158690000025e-03
-9.801154956220000172e-03
8.631603792310000439e-03
-8.822891861199999575e-03
6.966856773940000198e-03
-6.218608468769999849e-03
5.974951665850000183e-03
-6.112768314780000004e-03
4.928252194079999621e-03
-3.371306927870000147e-03
3.349555190649999847e-03
-1.955804415049999800e-03
1.770873554049999955e-03
-1.046144243450000005e-04
7.794519187880000156e-04
-4.203391727059999886e-04
2.106679312420000109e-04
1.176275545730000099e-03
-2.100215293469999932e-03
1.667258446100000060e-03
-2.508469391609999787e-03
1.636793022039999919e-03
-2.305231289939999994e-03
2.225287258630000067e-03
-2.305341651660000081e-03
2.636818913739999871e-03
-3.106681630020000171e-03
3.354847664009999973e-03
-2.425743965430000003e-03
1.529869856310000012e-03
-1.345491851680000054e-03
3.367765806619999955e-03
-3.109820187089999861e-03
3.037865040819999994e-03
-2.328426809979999932e-03
4.058308433739999700e-03
-3.612728556620000038e-03
4.897397011519999746e-03
-6.314898375419999987e-03
4.335269331930000081e-03
-5.644037388269999671e-03
5.962763912980000025e-03
-5.562268663199999678e-03
6.943891290579999945e-03
-7.501135114579999923e-03
6.841427180920000087e-03
-6.634210236369999722e-03
7.681804709139999736e-03
-8.380549959840000174e-03
7.101423107089999999e-03
-6.301998160780000052e-03
5.708286073059999806e-03
-5.554377567019999629e-03
5.208959802989999999e-03
-4.798374138770000047e-03
3.280286211520000179e-03
-2.230423735449999986e-03
2.385012572629999997e-03
-1.557143055829999893e-03
3.425059549040000034e-04
1.295215224670000078e-05
9.897248819470000087e-04
1.013253582640000032e-03
-1.506547443569999966e-03
6.339861429299999867e-04
-5.019200034439999600e-04
6.802862626499999463e-04
-9.036967530850000159e-04
4.209661274219999747e-04
7.043121149759999546e-05
-6.234972533999999956e-05
1.478370744740000039e-03
-1.988062576860000002e-04
7.510622168639999652e-08
-2.174079651010000017e-03
2.098125405610000178e-03
-2.007688162850000072e-03
1.191393239420000002e-04
-1.324499608020000049e-03
1.272417372089999950e-03
-8.995457901620000337e-04
1.332182204349999927e-03
6.490396481240000163e-05
6.875154213049999808e-04
-1.558235380799999922e-04
-7.616402581329999527e-04
2.467490034180000111e-03
-2.513349056239999862e-03
2.198237227279999963e-03
-3.744299290700000074e-03
4.406993277369999906e-03
-5.535828880969999657e-03
5.376765038819999662e-03
-6.151805631819999738e-03
5.685943644490000157e-03
-5.465564783659999752e-03
6.971366703509999929e-03
-6.240587215870000391e-03
3.394196275619999845e-03
-6.226377561690000020e-03
6.040814332659999626e-03
-3.913418855520000433e-03
5.632961634549999916e-03
-6.860152818260000125e-03
5.187483504410000425e-03
-4.532825667410000405e-03
5.262320395559999704e-03
-4.837263841180000287e-03
3.813888644799999939e-03
-3.308332990849999905e-03
3.812757553529999999e-03
-3.800854086879999934e-03
2.594463992859999922e-03
-4.315017256889999708e-03
5.516695789989999911e-03
-1.186324981969999991e-03
1.796139404179999998e-03
-4.164587240670000398e-03
8.040165994319999759e-04
-7.754180114720000483e-04
1.613501925020000092e-03
-6.465642945839999598e-04
-2.195475390179999972e-03
1.984653063119999963e-03
1.049714162950000050e-03
1.141869695860000047e-03
-3.329050727190000121e-03
6.913442630320000299e-04
-8.497585076840000282e-04
2.896378980949999848e-03
-2.917551202700000013e-03
-4.590067255780000020e-04
-1.926386030389999962e-03
4.048700444400000001e-03
-2.134283306080000161e-03
1.176901278089999975e-03
-1.963865244759999996e-03
2.663749037310000119e-03
-1.349374884739999985e-03
3.456410486249999938e-03
-8.241742034440000366e-04
9.686208213679999880e-04
-4.523268900809999937e-03
7.354637491519999855e-04
-8.875798666850000197e-04
3.681258298459999957e-03
-3.262733342129999978e-03
1.762706553560000090e-03
-3.596105379980000204e-03
3.738671075550000118e-03
-2.190761733800000201e-03
2.998646581550000207e-03
-3.823271021250000071e-03
3.299451433120000055e-03
-3.388990415260000142e-03
2.897952217609999978e-03
-3.094213549050000081e-03
3.289242973550000112e-03
-3.401261521499999909e-03
3.582585370169999797e-03
-3.134064143519999911e-03
3.943491727110000171e-03
-2.624961780380000078e-03
2.020849613469999969e-03
-2.185202902180000215e-03
1.908239559270000045e-03
-2.091185888280000082e-03
1.453453325670000032e-03
-1.928391982800000022e-03
7.118526264089999889e-04
-1.513852621429999899e-04
4.677081014959999744e-04
-1.049679238350000087e-03
6.108978413979999954e-04
-9.815406519920000326e-04
8.195151458490000217e-04
1.680603454589999889e-04
4.763480683320000251e-04
-1.773678348399999926e-03
5.077056121080000340e-04
-1.511965878309999914e-03
1.299016177650000022e-03
-2.551088691689999948e-04
-6.846286851210000310e-05
-1.718074083330000008e-03
2.278897678479999828e-03
-1.303539029319999922e-04
3.907150530720000033e-04
-5.322354845700000541e-04
5.114526356919999974e-05
-7.062950317049999395e-05
7.552221068180000295e-04
-6.582492496819999754e-04
-5.855682538820000194e-04
1.089797937310000003e-03
-3.708355943669999766e-04
-8.976170793180000525e-04
-3.565403167160000227e-04
4.235643427820000220e-04
-5.393130704759999594e-04
1.270162989390000077e-03
-7.249123882500000489e-04
-6.230770377439999669e-04
5.724357906729999907e-04
7.755593396720000463e-04
-1.082713948559999983e-03
5.727323587050000067e-04
-9.499938460070000198e-04
-3.443444438740000100e-04
1.000865246170000054e-03
9.860269492490000235e-04
-8.007787982929999914e-04
1.137502724300000056e-03
6.456878036259999874e-04
1.640094560570000068e-04
-6.169945700090000108e-04
-3.013646619370000145e-06
-1.420480664820000056e-03
6.150125409480000031e-04
-1.278381678279999966e-03
2.937473473140000068e-04
-7.304917089640000248e-04
1.675503561269999940e-03
-2.112162997949999874e-03
2.557403407990000051e-03
-2.656555036080000213e-03
2.186712576080000053e-03
-2.277047839020000103e-03
3.621030366050000115e-03
-4.006410948929999861e-03
3.953258972619999589e-03
-3.554410766810000080e-03
3.496589604770000172e-03
-3.098017303270000043e-03
4.406395833939999972e-03
-2.978423843160000160e-03
3.200477920469999883e-03
-3.512700786810000076e-03
2.454643603410000194e-03
-2.296052407469999831e-03
2.408917294820000013e-03
-2.218310721220000201e-03
2.171343890950000032e-03
-1.895034220070000068e-03
2.120960969480000045e-03
-1.706236274910000010e-03
1.268286025149999901e-03
-1.786119653840000012e-03
1.838863128800000005e-03
-1.965309958899999921e-03
2.076177624990000088e-03
-1.582546159629999970e-03
1.987880561500000171e-03
-2.058248734099999908e-03
2.509681507949999921e-03
-3.068025223910000182e-03
1.764325774270000076e-03
-3.239265177399999925e-03
3.086662618440000165e-03
-2.693907124919999851e-03
3.528375411410000079e-03
-2.349746879190000096e-03
2.973122755069999932e-03
-3.753576194870000132e-03
2.875925507400000150e-03
-1.703602261840000010e-03
3.522884100679999925e-03
-2.904913388189999963e-03
1.387314754540000094e-03
-1.991427270699999783e-03
1.976299565290000077e-03
3.848916094279999792e-04
1.643130672159999993e-03
-7.022293284539999616e-04
-2.131279325109999932e-03
-1.036970992570000055e-03
-1.702864188699999967e-03
2.777680987490000180e-03
3.077192523049999983e-04
1.663449918849999997e-03
-3.597094677389999894e-03
7.049647974779999588e-04
-1.727955648679999892e-03
4.280996974559999994e-03
-1.685611787250000052e-03
2.210204722359999843e-03
-3.448863746600000068e-03
2.865324495359999803e-03
-2.204950433220000030e-03
3.113831859079999910e-03
-3.386327764019999784e-03
1.712227123789999928e-03
-3.206223715099999847e-03
3.856879426170000021e-03
-1.899220049379999947e-03
4.032625816759999662e-03
-3.593072760849999863e-03
3.143782028929999802e-03
-3.569242311640000078e-03
2.739078365269999836e-03
-4.640622530130000291e-03
2.365865278989999921e-03
-3.204475389789999788e-03
4.373183008280000054e-03
-2.598317805679999874e-03
3.273678710680000010e-03
-3.052967367690000156e-03
3.150609089059999788e-03
-3.354220185430000119e-03
2.677183132620000131e-03
-4.076653160150000427e-03
1.578731113109999983e-03
-2.581117441879999998e-03
4.060922656210000196e-03
-1.954727573319999835e-03
3.241054946559999810e-03
-3.134165424850000187e-03
3.013494191690000053e-03
-1.684108516199999978e-03
2.114931121469999873e-03
-3.775956807660000095e-03
1.883961260319999900e-03
-2.525703283029999847e-03
2.381132217120000144e-03
-2.356948098170000110e-03
2.288310090079999880e-03
-2.276781015100000100e-03
2.745418809350000117e-03
-2.065779408439999930e-03
1.171872369010000092e-03
-2.510163467379999871e-03
9.576208540240000204e-04
-1.696354593149999998e-03
1.743370550680000026e-03
-7.299059070650000276e-04
9.323483682239999551e-04
-5.575583782049999687e-04
9.569505346010000017e-04
1.867057144409999946e-04
5.289494874890000344e-04
-5.408421275209999816e-04
-9.103915072049999831e-04
7.749421056359999827e-04
-9.617690811869999534e-04
8.914247737270000402e-04
-7.690280908719999715e-04
1.003410667179999985e-03
-6.419230485329999658e-04
2.064128406349999799e-03
-1.400884473700000042e-03
5.561256548389999525e-04
-2.298500854520000095e-03
1.217164448460000001e-03
-1.374605810270000065e-03
2.005493268369999953e-03
-1.823548809629999901e-03
1.203695312139999897e-03
-1.595825655390000018e-03
2.211971674110000102e-03
-1.578956376760000000e-03
1.718871528279999894e-03
-2.169823506849999882e-03
1.479946309700000016e-03
-1.683530746960000069e-03
2.280058106409999907e-03
-7.137613720259999980e-04
2.046023495500000084e-03
-1.738186576400000067e-03
1.341519411649999896e-03
-1.464562024920000073e-03
1.168767223129999963e-03
-1.580740208740000078e-03
1.054549822580000103e-03
-1.765782828440000006e-03
1.359253190459999922e-03
-1.295786816629999894e-03
1.431695767680000054e-03
-1.511880080220000082e-03
1.010091160420000054e-03
-1.337540219540000021e-03
1.443105982619999990e-03
-1.331307110379999952e-03
1.370508456600000096e-03
-1.070588477890000063e-03
8.654536213730000061e-04
-1.217724522579999996e-03
1.511195325289999914e-03
-7.077346672299999943e-04
1.111826044510000073e-03
-5.692890845240000533e-04
1.108466531150000049e-04
-1.107676769610000007e-03
6.849825149400000325e-04
-8.707532106199999998e-05
7.583390688519999661e-04
-9.890472283589999553e-04
-2.319314953640000084e-04
1.471767900509999920e-04
6.014559767209999575e-04
-1.990832970480000124e-04
-1.823450438679999883e-04
-2.197189460280000095e-04
6.051890086380000465e-04
7.213670178319999760e-04
5.721675697709999652e-04
-8.754438022149999682e-05
-1.383799535689999910e-04
-1.338091213259999957e-03
-7.967068813739999593e-05
-7.145295967350000525e-04
6.516513531099999519e-04
-7.575425552200000133e-04
1.388717326339999978e-03
-4.616374499160000029e-04
1.412828569300000024e-03
-9.709843434390000435e-04
8.231533574870000423e-04
-1.765351276839999999e-03
1.149800955320000057e-03
-1.429825089869999916e-03
1.254907692780000018e-03
-8.603376918470000178e-04
1.541861798610000018e-03
-9.511919342910000281e-04
1.068366342220000015e-03
-9.057395509439999720e-04
8.347303955819999899e-04
-7.438180618920000285e-04
6.611646967939999956e-04
-1.054358435790000038e-03
3.366475575599999913e-04
-1.070902566430000005e-03
5.633389228019999948e-04
-3.173527657050000225e-04
1.041941461149999918e-03
-3.705316630660000082e-04
8.634388213979999737e-04
-4.909522249359999594e-04
3.880492295139999930e-04
-1.091857091520000026e-03
-1.220742269650000004e-04
-7.612480549139999560e-04
2.409474545860000095e-04
-1.918706584549999947e-05
3.377655521040000123e-04
7.115476182660000109e-04
2.639442973299999822e-04
7.486565737049999522e-04
-7.944363751449999523e-04
3.727637522390000080e-04
-1.137747080070000043e-03
6.131694535720000512e-04
-1.477954676370000012e-03
7.654741057189999977e-04
-8.003219263629999776e-04
1.812295289709999922e-03
-7.313193636950000289e-04
1.004927558819999900e-03
-1.619557617229999951e-03
8.483154815620000053e-04
-1.334580825640000086e-03
9.150072583000000035e-04
-7.502760272470000366e-04
6.321840337479999903e-04
-8.022818365129999940e-04
8.402045350519999874e-04
-5.177718703640000423e-04
4.623605927919999877e-04
-5.252767004999999963e-04
5.648919031959999610e-04
-3.278711665190000240e-05
5.307022947820000001e-04
-6.315612699839999932e-04
4.380450409370000172e-04
-1.072073137039999973e-04
6.780195981259999833e-04
-8.309946279040000003e-04
1.911739091160000040e-04
-9.625791572030000486e-04
5.622499738820000174e-04
-3.546669031489999859e-04
5.876579671169999833e-04
-3.801261191260000248e-04
8.672649855730000254e-04
-1.726150658210000039e-04
8.320800261569999759e-04
-8.927948074420000114e-04
5.225496352069999829e-05
-1.184777705929999925e-03
6.234931061039999641e-04
-5.265416111800000007e-04
6.926147616469999517e-04
-6.106201908549999677e-04
8.148319902830000435e-04
-3.046131314479999920e-05
1.068924088029999915e-03
-6.690591690130000529e-04
-1.904925011330000110e-04
-1.196939148940000036e-03
6.126816733740000171e-04
-4.557433421719999799e-04
-1.067754328689999998e-05
-8.168987114910000518e-04
7.861065096220000480e-04
1.507934066470000131e-04
7.278530392800000278e-04
-5.305003724059999650e-04
5.303621292110000151e-04
-4.543007235040000215e-04
1.023487886410000096e-03
-6.923627224750000418e-04
7.012196001600000351e-04
-1.103004906330000076e-03
5.335532478059999825e-04
-8.755408925939999702e-04
8.493784116580000310e-04
-9.763962007129999661e-04
6.479640142059999884e-04
-9.881707374010000912e-04
1.309001119809999987e-03
-6.710338057020000420e-04
1.077253022229999980e-03
-1.394671620800000053e-03
9.367305901830000033e-04
-9.062553290279999575e-04
1.049614278599999987e-03
-8.219081792050000066e-04
9.004924795589999567e-04
-7.069671992210000170e-04
8.393967291339999876e-04
-6.074302364139999794e-04
7.564808474849999504e-04
-8.151712827379999559e-04
1.459980267100000095e-04
-9.070627856999999988e-04
9.099494200199999662e-04
-4.182448319630000270e-04
7.017661700960000455e-04
-9.419669513589999611e-04
6.235461914910000276e-04
-6.575567531400000219e-04
9.840282145890000710e-04
-7.285436731759999769e-04
4.551630700010000246e-04
-8.510110201309999903e-04
4.244047158859999731e-04
-1.929465797730000004e-04
8.491093758490000530e-04
-3.629267448559999731e-04
8.171093213599999437e-05
-5.807887646370000351e-04
9.568114182909999931e-05
-1.134023477789999982e-04
-3.545454455889999708e-05
-2.475653891450000157e-04
4.211963969280000004e-04
3.858529671559999858e-04
2.684661012609999928e-04
1.927934645210000028e-04
-2.676511649040000038e-04
3.247626591470000078e-05
2.233120540040000015e-05
3.252401074859999960e-04
-6.000911816950000536e-04
-1.641955896049999983e-05
-6.299964734350000425e-04
8.284422801810000176e-04
-4.631640695149999974e-05
6.634554010820000467e-04
-1.198519952600000070e-03
4.299797583370000044e-04
-8.607229101470000466e-04
1.108008320440000008e-03
-8.528617909180000439e-04
9.245497058149999663e-04
-1.519108773210000067e-03
8.305144729090000160e-04
-6.976992590350000224e-04
1.726215705279999894e-03
-1.136883860450000087e-03
1.332620857280000098e-03
-1.200683880599999953e-03
1.975367777049999874e-03
-1.179633778520000013e-03
1.136296777990000078e-03
-2.148716477679999889e-03
1.281997887419999895e-03
-1.642410061320000040e-03
1.888619153759999976e-03
-1.879231422209999905e-03
1.659014844339999932e-03
-1.787487301039999933e-03
2.318825339900000126e-03
-1.631119288500000033e-03
1.860558404589999961e-03
-2.443507080899999951e-03
1.383760944010000099e-03
-2.200990682470000109e-03
1.973032951350000078e-03
-1.717935316260000038e-03
1.607672078530000088e-03
-1.754566677850000027e-03
1.495566335510000030e-03
-1.364973024470000039e-03
2.008048584679999853e-03
-1.045930897820000023e-03
1.019943389110000015e-03
-1.555219641889999966e-03
9.516717982479999975e-04
-1.150083960970000067e-03
1.312251319180000094e-03
-8.327783434649999863e-04
9.415184031240000223e-04
-1.091609126889999922e-03
1.207162975330000046e-03
-5.738728796129999614e-04
7.281142752620000172e-04
-1.367018092420000048e-03
-4.483256816459999846e-06
-9.225865360350000034e-04
8.085308945739999587e-04
-3.342197160239999856e-04
4.500966460910000178e-04
-1.210378482940000075e-03
2.251945843449999990e-04
-2.589246141719999902e-04
7.297589909290000442e-04
-4.841543268409999974e-04
-2.153504465239999886e-04
-2.901166153609999881e-04
5.229740054350000495e-04
4.429571272339999821e-04
2.441157266730000153e-05
-1.753898104649999866e-04
-5.166699993419999765e-04
6.436262046920000106e-04
5.968243931419999696e-05
1.374036946799999921e-04
-9.760147659109999702e-04
-2.893141354430000113e-04
3.652009036160000049e-05
8.554519736210000310e-04
-8.885935130819999972e-06
-3.385865711609999931e-04
-8.205015910790000458e-04
6.537231820399999789e-05
3.245426632929999900e-04
5.412472528409999987e-04
-5.720505723729999619e-04
-6.904255133120000467e-04
-5.066707963120000357e-04
7.358196307910000239e-04
1.520278019600000078e-04
2.175898262069999982e-04
-7.332623936239999725e-04
1.323220785710000052e-04
1.302941655009999926e-06
9.867242770270001021e-04
-6.096319411879999508e-04
-1.131310200440000001e-04
-1.024576602499999893e-03
7.148912991400000394e-04
-4.821583570450000116e-04
1.165917143229999947e-03
-1.025958568789999900e-03
5.178435822019999708e-04
-6.654093158430000269e-04
1.328921294769999911e-03
-8.771527791399999887e-04
7.613975321870000094e-04
-1.339763868599999977e-03
9.242126834580000408e-04
-1.185547444039999985e-03
1.498601282950000032e-03
-1.122494693849999947e-03
8.576094405730000196e-04
-1.248235930689999993e-03
1.168888527900000061e-03
-1.080443966199999941e-03
1.296628382989999930e-03
-1.328964252020000108e-03
1.010300242340000064e-03
-1.156487502160000094e-03
1.594016677700000034e-03
-1.012013643049999943e-03
1.123409485439999956e-03
-1.228445908050000094e-03
1.026862300930000017e-03
-8.399737998840000079e-04
1.111604389729999986e-03
-1.166951376940000102e-03
8.434830233449999931e-04
-1.095224404709999998e-03
1.077892840840000057e-03
-8.799241040829999501e-04
9.528961963950000405e-04
-1.253517693839999994e-03
9.115551947620000213e-04
-7.406322984020000154e-04
1.255335169839999921e-03
-1.126093091439999989e-03
3.924620104949999946e-04
-1.275863847699999949e-03
8.354316814800000126e-04
-6.988787790760000009e-04
8.509205072190000009e-04
-7.991325110200000028e-04
5.953489453529999757e-04
-2.039570390479999941e-04
8.402686798950000265e-04
-3.433728998059999921e-04
1.592025655549999922e-04
-4.547182761599999844e-04
6.294205668380000417e-04
-1.040958304660000031e-04
3.641764633360000105e-04
-1.090681107600000011e-04
2.048904570979999927e-04
1.381282927470000113e-04
4.625455185310000088e-04
1.766431087159999976e-04
-3.257379867139999913e-04
-2.821844827850000141e-04
-7.667487952859999628e-04
2.629506052470000012e-04
-4.642203930420000125e-05
4.144667764190000008e-04
-6.532443803739999659e-04
5.288762040439999677e-04
-4.601994587570000018e-04
1.103293267080000025e-03
-8.682795451020000090e-04
2.142123994420000129e-04
-1.214221119879999944e-03
1.360582537020000021e-03
-3.125797957180000120e-04
1.185179804450000067e-03
-9.197285980920000530e-04
6.837616092530000075e-04
-7.353767286989999459e-04
1.086676958950000098e-03
-6.766630103809999700e-04
4.381066246420000265e-04
-1.349484431559999946e-03
5.569008062590000314e-04
-5.157294217499999766e-04
1.061825314539999914e-03
-9.668433922340000531e-04
5.910180625509999820e-04
-6.019055726939999884e-04
6.479034200310000192e-04
-5.226093926470000341e-04
4.593228513839999936e-04
-1.195562072100000072e-03
3.680261434059999958e-04
-5.324655794539999518e-04
7.067853584890000174e-04
-5.734740407209999551e-04
3.145014634359999872e-04
-3.430777287580000267e-04
5.739629850720000086e-04
-8.203998004320000085e-05
2.537710242899999906e-04
-7.050862768660000205e-04
-2.794264582919999892e-04
-5.207626963969999882e-04
6.383154541249999505e-04
1.882651413330000052e-04
3.167297109030000105e-04
-4.800751921719999932e-04
1.227532484340000110e-04
-2.448309896860000078e-05
3.864277969109999769e-04
-5.566412000920000153e-04
-2.209490630780000053e-04
-3.385423624420000224e-04
4.207776219119999800e-04
1.670648271099999885e-05
1.605269790159999973e-04
-4.913582233709999809e-04
1.925781398309999945e-04
-1.542121899550000057e-04
3.817314864140000153e-04
-3.232000162819999951e-04
3.421541987340000180e-05
-3.045256307810000128e-04
3.009250503959999914e-04
-3.094514831899999765e-04
1.215603770109999963e-04
-3.123001370109999863e-04
-1.430444826839999959e-04
5.739204789279999812e-05
5.621641757900000492e-04
-3.112960985159999867e-05
-4.633823991749999962e-04
-3.978512831960000261e-04
-4.807433288079999940e-05
5.187728675080000322e-05
3.814653900919999833e-04
-1.689833006819999874e-04
-1.670883211770000042e-04
-2.205562050220000083e-04
1.278405834460000050e-04
-2.075648808389999992e-04
1.728331517370000164e-05
-2.319661580260000086e-04
1.101844900399999937e-04
2.585020556579999910e-04
2.971407375300000081e-04
-9.312593465440000484e-05
1.829312532210000027e-05
-2.851100871339999794e-04
-1.186954541479999964e-04
-1.113790931410000044e-04
-2.215332206110000031e-04
6.002789177729999635e-06
5.094781226940000099e-05
3.473019169180000237e-04
3.468496433919999815e-04
3.227776032870000034e-04
-2.287255920239999899e-04
1.673501969889999957e-06
-3.842729202009999897e-04
-1.499276640969999932e-05
-2.351735020060000082e-04
-1.145698843170000054e-04
-3.692256577780000265e-04
3.315202484370000004e-04
3.383996954650000255e-05
4.983291728419999818e-04
-3.249923756810000025e-04
6.032791134200000038e-05
-2.909926115539999947e-04
2.894753997679999830e-04
-5.482994602059999660e-04
7.815112621760000183e-05
-4.046210960949999866e-04
3.662526723930000189e-04
7.334602742050000394e-06
5.862902617080000510e-04
-1.545078266639999924e-04
1.674850063860000050e-04
-3.333327476869999730e-04
2.811598096740000022e-05
-3.311672189740000067e-04
1.241559803020000094e-04
-2.029325696639999873e-04
2.103502920360000004e-04
1.022802971420000006e-04
1.252342481170000096e-04
-1.377268490609999906e-04
-4.904585875919999715e-05
-2.487408637530000126e-04
1.450801937609999884e-04
3.496448334769999844e-05
9.990610124080000643e-05
-1.366510259690000115e-04
-1.070305661410000031e-04
7.358557195399999782e-05
1.919006754179999874e-04
2.473437780280000105e-05
7.014260336290000051e-05
-6.106196815379999888e-05
-1.673383812889999963e-04
-8.159403660100000020e-05
-3.542682316040000065e-05
-2.848813310269999858e-04
-1.772330142560000148e-05
-4.184512727080000170e-05
-5.251217771730000094e-06
1.282731536779999960e-04
-6.441236109819999745e-06
-3.280945020379999781e-05
-4.487513251660000152e-06
1.336880959569999936e-04
-1.015975576590000018e-04
6.350920011759999954e-05
-2.059388061750000128e-04
5.404642070059999823e-05
6.642335210929999349e-05
-4.175836875220000142e-05
-5.382017843659999860e-05
1.074657120629999961e-04
2.978874135810000094e-06
-1.393021520930000075e-04
1.795209391279999913e-04
-3.090102982239999901e-04
8.871237514540000150e-05
-1.703273737799999908e-04
4.147495492360000059e-04
-8.061081462069999990e-05
1.024252123900000060e-04
-3.334161883689999847e-04
3.326663572809999947e-04
-1.678659027680000099e-04
1.865509839260000096e-04
-4.665797750929999888e-04
2.069226866300000043e-05
-2.711713023020000113e-04
6.779457326049999951e-04
-6.955110438869999395e-05
2.740148338489999894e-04
-6.008686614220000227e-04
1.830366236390000068e-04
-2.414894261159999933e-04
4.604913701769999942e-04
-4.680030979219999745e-04
3.883346216749999978e-04
-4.335030680519999752e-04
5.604127072729999737e-04
-3.936176362910000009e-04
5.134893581269999547e-04
-6.065309280529999902e-04
4.086222616020000233e-04
-5.223239422779999775e-04
6.561450427400000295e-04
-7.497096667070000334e-04
5.099517293269999673e-04
-4.750424704979999994e-04
7.723881863059999702e-04
-7.146588177420000508e-04
4.993939073759999601e-04
-8.292983984570000480e-04
5.077924579379999859e-04
-6.809824262750000055e-04
5.288535612640000386e-04
-5.644836928700000447e-04
7.139892550190000010e-04
-5.184423644100000401e-04
6.572387646879999717e-04
-4.044746747240000233e-04
2.265642979180000106e-04
-7.404912030319999805e-04
6.444440805349999860e-04
-4.200426046740000268e-04
6.048593204470000071e-04
-3.665212134360000171e-04
5.373144522310000426e-04
-5.804326501669999656e-04
4.349184746389999907e-04
-7.893738220450000021e-04
3.590609994719999760e-04
-6.055962876419999745e-04
3.703024121929999806e-04
-4.889035481030000029e-04
6.421706639229999777e-04
-4.672365321310000138e-04
5.387091077860000233e-04
-8.073980570769999972e-04
3.450765216259999769e-04
-6.133299320939999879e-04
3.717858344320000238e-04
-6.555239087900000461e-04
3.552220005079999819e-04
-3.867799532599999800e-04
7.217309903349999499e-04
-3.065027703999999797e-04
4.214704094920000027e-04
-4.373289702929999837e-04
4.434750590009999731e-04
-3.816471726169999991e-04
3.510207170620000114e-04
-4.652828210960000248e-04
2.253671118519999918e-04
-1.389786775690000085e-04
2.624700136949999945e-04
-3.409749479029999808e-04
-1.024947487170000044e-04
-2.490665938239999995e-04
6.391642091329999883e-05
-1.167149457609999998e-04
1.282091689060000045e-04
-2.484756405469999989e-04
-6.548930105049999523e-05
-9.404199772689999937e-06
-3.461870364839999821e-04
2.583269670139999824e-04
-1.635462249400000125e-04
8.636050188220000391e-05
-3.195555182169999777e-04
9.728612349139999769e-05
-5.098013789390000178e-04
2.941738930529999899e-04
-4.469221748880000114e-04
3.935090207960000161e-04
-4.104678228030000215e-04
5.988690536469999572e-04
-6.144079379739999852e-04
5.623692995870000193e-04
-9.279418736700000047e-04
3.263573162260000222e-04
-7.383619085890000310e-04
7.761520100760000438e-04
-7.262359722520000341e-04
7.739373249930000002e-04
-6.560815381820000319e-04
9.914382826539999000e-04
-7.345397025349999914e-04
6.633835146199999625e-04
-8.993563824330000085e-04
7.478242623619999786e-04
-6.462043966170000339e-04
7.284235325640000223e-04
-8.160619763659999635e-04
4.779934533869999972e-04
-7.508335402239999868e-04
8.591745863669999692e-04
-6.662973319179999691e-04
7.898136973379999478e-04
-8.880488458089999928e-04
8.114561787809999914e-04
-1.017920440060000008e-03
9.517629514450000284e-04
-1.061534276230000073e-03
6.498721777460000079e-04
-1.027028076350000032e-03
1.274022972210000094e-03
-5.115788080729999528e-04
1.124774804340000029e-03
-1.022015581840000041e-03
6.496919668280000219e-04
-1.079517998730000067e-03
6.627777474930000336e-04
-9.809206239880000847e-04
8.072644122879999926e-04
-9.879575809460001013e-04
1.046891440640000063e-03
-6.374158547259999464e-04
9.162529604509999769e-04
-1.017397269610000087e-03
6.113619310780000083e-04
-1.161796622909999936e-03
5.861954996359999663e-04
-9.287350112569999752e-04
7.058320334180000167e-04
-8.358131744899999519e-04
7.708420162089999524e-04
-5.906581063750000445e-04
7.183653651739999773e-04
-6.723321275789999763e-04
6.884413887749999631e-04
-6.477174465539999601e-04
4.515572800300000022e-04
-5.901964614169999575e-04
7.545342086809999531e-04
-6.383143481799999830e-04
5.831791204399999545e-04
-5.849552690049999830e-04
3.985930816270000102e-04
-2.676103322300000154e-04
1.309828221570000055e-04
-3.479451115710000008e-04
2.671517449930000083e-06
-2.096401440209999924e-04
6.381083221640000095e-05
-3.792769348370000118e-05
-2.105073072019999993e-04
-2.742217620830000066e-04
-2.104993181999999913e-04
1.120982706199999976e-04
-2.249878452860000011e-04
2.948966575789999903e-04
-3.136990708299999798e-04
6.743420963179999920e-04
-2.993772213809999883e-04
3.954540879929999836e-04
-5.839561345060000378e-04
3.553968563210000136e-04
-5.908827879470000041e-04
5.483439308589999799e-04
-6.535873981189999678e-04
6.815704400650000059e-04
-6.994708091949999569e-04
6.747918087059999502e-04
-5.560767604040000407e-04
1.023973221889999934e-03
-6.748829036950000377e-04
5.573884700420000298e-04
-1.033335691319999970e-03
7.652241038159999630e-04
-8.106437162499999542e-04
7.857559830879999639e-04
-9.320329991170000269e-04
6.936662248339999512e-04
-6.441135192290000505e-04
1.108304364610000021e-03
-8.848502184260000113e-04
4.861077468380000256e-04
-9.461480658499999948e-04
5.172097589819999982e-04
-8.318339241670000099e-04
4.373546107670000052e-04
-6.226000259630000422e-04
8.207546197809999959e-04
-4.801247268920000007e-04
9.184567607010000242e-04
-5.960613489150000258e-04
3.206416731699999762e-04
-5.965472664680000151e-04
5.815803306180000439e-04
-5.747341201639999831e-04
6.156568415460000020e-04
-6.750603788529999745e-04
5.103580770079999473e-04
-8.321933273689999429e-05
7.061192300169999740e-04
-3.339906979819999891e-04
2.240509093100000025e-05
-6.468114443120000180e-04
2.521890855859999780e-04
-2.572844387030000192e-04
7.341068703679999976e-05
-3.086194919889999897e-04
1.372099795839999963e-04
4.734423782789999867e-05
4.591319884639999882e-04
1.584028505019999960e-04
7.487159746230000656e-05
-2.668915258249999730e-04
-9.890758519759999345e-05
-5.140134089740000105e-05
-8.053573401410000360e-05
-5.931955820419999799e-05
-7.447480584230000080e-06
1.051462240869999995e-04
1.804614148569999956e-04
2.092743488899999956e-05
-1.045267199520000028e-04
-1.402759953630000112e-04
1.622402669449999981e-05
4.741534576169999834e-05
-2.790389044090000028e-05
-7.516028563260000229e-05
-6.833532825109999603e-05
1.990180753640000046e-04
1.490470895079999952e-04
-5.733498619519999712e-05
-1.929824793480000036e-04
-4.643320426109999867e-05
5.531979331859999732e-05
1.574636262380000077e-04
-1.436657039449999891e-04
-6.545452924910000365e-05
-1.319336115559999958e-05
3.184926754329999755e-04
3.159504267389999944e-04
3.024530014949999780e-04
-9.924892947310000400e-05
-3.070417733399999919e-05
-3.090060490650000172e-04
3.492450923659999747e-05
-1.567767321830000117e-04
4.400824036570000295e-05
-1.268031919610000050e-04
2.611605741549999924e-04
-1.729612995399999948e-04
9.991972183339999493e-05
-2.743352670220000058e-04
1.907603436849999979e-04
-9.757948282640000446e-05
9.932069951899999383e-05
-2.171472879130000001e-04
1.492801529819999865e-04
-1.477998739570000029e-04
4.979271325279999725e-04
-1.416600862290000101e-04
2.284883230459999965e-04
-2.223131305070000067e-04
3.872041706929999784e-04
-1.310773368459999919e-04
2.955269883389999991e-04
-5.985699244770000199e-04
2.400969970040000017e-04
-5.681278416890000495e-04
5.210700910539999486e-04
-4.821162729059999801e-04
6.052464596000000242e-04
-4.611147160179999809e-04
4.687807813749999891e-04
-3.459252475299999887e-04
6.484154146160000121e-04
-4.693915543610000223e-04
4.472166765479999775e-04
-5.488237948159999493e-04
5.164160975259999816e-04
-5.158975836819999468e-04
4.959126817990000069e-04
-5.618353025059999624e-04
2.238749293609999867e-04
-6.579825421799999959e-04
4.432510177140000008e-04
-6.272169412109999736e-04
4.224190779500000201e-04
-4.774410626849999841e-04
3.865416510959999888e-04
-3.610598214440000064e-04
4.832733829969999926e-04
-4.374872369230000117e-04
2.147510240320000001e-04
-4.482411895880000232e-04
2.709382097240000211e-04
-2.573172678239999734e-04
3.841082507280000236e-04
-1.934978499780000058e-04
4.275513056199999832e-04
-2.860428357959999787e-04
2.891362237279999979e-04
-3.154906444249999924e-04
3.316688525960000090e-04
-4.583958070730000155e-04
2.572468947619999894e-04
-2.488703466950000138e-04
3.347756573930000005e-04
-1.068320780180000021e-04
1.910369028340000029e-04
-4.678063560280000229e-04
-1.418211286360000076e-05
-5.172628516449999733e-05
1.845200022220000111e-04
-1.789194066079999952e-04
7.895895396359999398e-05
-3.258209035270000112e-04
1.018209804900000067e-04
-7.049140549500000424e-05
2.427574654579999901e-04
-2.872297191060000179e-04
-7.973882020449999557e-05
-9.060523552760000099e-06
3.072814724870000062e-04
-1.684405287959999959e-04
3.565958832039999764e-05
-4.507097182800000237e-04
1.217776225530000061e-04
-2.531494828870000107e-05
1.266194885830000010e-04
-3.038817958440000080e-04
1.957851054610000097e-04
-1.578664669070000109e-04
3.815406307690000025e-05
-7.825248758310000277e-05
-9.155872976409999957e-05
-1.148581141020000012e-04
-5.625497942670000138e-05
4.436813469510000305e-05
1.029923805619999963e-04
3.979398752560000006e-05
-4.606728543880000157e-05
2.871397373379999993e-05
6.133876740929999395e-05
-9.738490916789999694e-05
-8.759443880989999868e-05
-8.811580482870000179e-05
1.658906840020000042e-04
4.624198845700000038e-05
1.501335209469999957e-04
-3.305520658610000057e-05
-1.742208260109999918e-04
-4.610726318789999900e-05
9.279236110159999888e-05
1.771855895640000013e-04
3.640911381810000159e-05
2.034438148259999911e-05
-8.751299901629999484e-05
1.774007105270000045e-04
-1.611683728699999984e-05
3.952547103840000178e-06
-1.900446368380000032e-04
-1.313293178100000125e-04
-1.411580742569999963e-04
1.636339948160000005e-05
-1.661042042540000058e-04
-1.385062205370000033e-04
-1.423490466549999880e-04
1.152439654109999972e-04
-1.040887655110000044e-04
3.552445268720000240e-04
-3.934201085940000142e-04
4.587296643879999703e-05
-3.524472995199999840e-04
3.001664881590000245e-04
-3.035580448340000138e-05
5.178717547100000502e-04
-2.688029489949999933e-04
2.773013839030000270e-04
-1.024290104399999977e-04
4.231061611790000216e-04
-4.052073636559999918e-04
8.572189835829999638e-05
-6.428572232829999874e-04
3.201609652019999741e-04
-2.928113099189999947e-04
4.287616175129999865e-04
-3.268780419599999921e-04
5.068618338560000342e-04
-3.784630971500000112e-04
5.871310713700000385e-04
-5.271904519760000013e-04
2.260515320810000089e-04
-7.257603574539999835e-04
3.927772631869999955e-04
-3.751468029800000131e-04
6.359287071969999764e-04
-4.651380295399999807e-04
3.999347973150000029e-04
-3.195683239030000164e-04
5.910327890889999951e-04
-4.076469631399999983e-04
4.369344678710000143e-04
-6.242191302589999513e-04
1.973443286259999880e-04
-3.174704033880000132e-04
5.473934579640000238e-04
-2.692538837440000229e-04
3.405797760930000121e-04
-4.095405456610000123e-04
5.654592532660000044e-04
-2.711964189069999867e-04
2.785139076879999931e-04
-6.536269211210000377e-04
8.905711001720000573e-05
-2.529188932389999983e-04
3.218234924130000218e-04
-2.692127236509999868e-05
3.499707672739999897e-04
-3.643307136369999745e-04
3.009909996760000233e-04
-3.278949297959999742e-04
3.238346835130000005e-04
-2.233136619909999892e-04
2.123482408929999992e-04
-3.048533981200000236e-04
3.456299309620000019e-04
-1.755481207509999994e-04
3.014609392270000245e-04
-2.690649416759999918e-04
1.132807483369999955e-05
-3.464425390119999924e-04
1.282017183259999882e-04
-2.329080307390000092e-04
7.737572741460000075e-05
-2.201555034839999976e-04
1.919247297340000071e-04
-5.932197950640000211e-07
4.516452027020000180e-04
-1.927895791600000013e-04
3.509580856190000183e-04
2.610617229949999891e-05
1.794512209019999936e-04
-1.740195730239999970e-04
1.653811523280000005e-05
-3.817416436500000007e-04
-8.726542728250000290e-05
2.799007688739999904e-06
2.837854262909999983e-04
8.379104110649999700e-05
1.958708890020000059e-04
-1.663283619559999867e-04
-1.850520056910000017e-04
-2.675929572430000170e-04
-5.587709165410000017e-05
-2.420812525090000123e-04
1.121629320549999946e-04
-9.630921704230000131e-05
2.882239059549999787e-04
1.621643168620000048e-04
1.305715559280000123e-04
-2.375783878959999895e-05
-2.661693724799999881e-04
-2.570377546360000094e-04
-1.930991129480000084e-04
-5.426103962240000047e-05
-1.437415485269999903e-04
4.232301580489999926e-05
1.626487392059999850e-05
2.669227251320000220e-04
1.052486768460000026e-04
1.744200126270000048e-04
-2.264344657310000107e-04
-1.438205217710000110e-04
-3.944776544810000055e-04
1.011922286120000067e-04
-1.459034101569999865e-04
1.932486338769999923e-04
-4.062656662430000061e-04
3.153895086139999956e-04
-2.456156653350000107e-04
2.402461104790000023e-04
-4.044513043479999888e-04
2.289612748429999947e-04
-4.617409722409999821e-04
5.258998717180000037e-04
-2.271313569509999988e-04
3.386801690789999902e-04
-2.207322831960000030e-04
3.986925876229999795e-04
-6.055668345649999887e-04
4.208117316009999894e-04
-3.363875148349999931e-04
3.151636337860000046e-04
-4.022493085360000025e-04
4.897280596199999475e-04
-3.912814718210000180e-04
4.374992859080000136e-04
-4.016926686750000165e-04
3.816611715590000151e-04
-5.057850503360000402e-04
2.733774599620000150e-04
-1.515307521910000052e-04
2.841994282789999998e-04
-2.956514072140000067e-04
1.773802359820000126e-04
-2.081252023340000087e-04
3.829446795860000211e-04
-4.181461117699999844e-04
2.114146045640000096e-04
-2.954766387119999848e-04
1.885874371510000121e-04
-3.109721874349999924e-04
3.195545868949999893e-04
-3.285359707660000001e-04
2.459037350490000267e-04
-4.038364859299999879e-04
2.097361721099999976e-04
-3.314367204439999789e-04
3.653000167109999772e-04
-1.884359517130000010e-04
1.851072447609999894e-04
-1.685847819319999949e-04
2.157692069890000100e-04
-3.296420036350000151e-04
2.773356973189999874e-04
-1.952477614400000103e-04
1.511368463980000112e-04
-2.130822249459999955e-04
2.520291891409999767e-04
-6.378711259460000268e-05
2.635151031429999735e-04
-2.358539495620000002e-05
2.801540722430000154e-05
2.412823960190000008e-05
1.518981007389999885e-04
6.755642971260000448e-05
-8.916282240529999981e-05
-7.063130760799999372e-05
-2.354558673690000030e-04
7.171167089840000449e-05
-1.371904654660000054e-04
3.517504592310000003e-05
-2.561290457379999897e-04
2.317934704479999953e-04
-1.976921776079999934e-04
