 Nom d'utiliateur: comblefa
 Date et heure: 03/04/18 10:40
 Type de mesure : ser
 Nom mesure : vide_hor
 Puissance émission : 0.0

 Mode angulaire : fixe
 Angle fixe : 0
 Angle initial : none
 Angle final : none
 Pas angulaire : none

 Mode en fréquence : balayage
 Fréquence fixe (GHz) : none
 Fréquence minimale (GHz) : 2.5
 Fréquence maximale (GHz) : 17.5
 Nombre de points de mesure : 1601

 Polarisation : HH, HV, VH, VV, 
 Plaque canonique - longueur : none
 Plaque canonique - largeur : none
 Sphère canonique - rayon : none

-2.096614055340000060e-02
1.766768842939999903e-02
-1.067792903630000040e-02
3.495431272309999868e-03
-8.420082740489999787e-03
7.971047889439999501e-04
5.467760376630000085e-03
1.478050462899999952e-02
-1.929505914449999859e-02
2.025161311029999994e-02
-2.648797258729999882e-02
3.515214473009999757e-02
-4.152968525890000234e-02
3.738796338440000117e-02
-3.771358355880000124e-02
4.337736219169999879e-02
-4.348948970440000283e-02
3.573499992490000027e-02
-2.700829505920000068e-02
2.164883352820000037e-02
-1.230041589590000033e-02
2.143396763129999834e-03
1.200701575729999984e-02
-1.514144334939999947e-02
1.774867624039999994e-02
-3.650961443780000037e-02
3.381945937869999808e-02
-2.865228429440000099e-02
3.820081800220000157e-02
-3.949770331380000193e-02
2.975625917319999966e-02
-3.155896440150000176e-02
3.063874132930000105e-02
-2.486012503499999970e-02
1.929896511140000159e-02
-1.876221969719999924e-02
1.897766441109999952e-02
-7.053025998179999687e-03
4.417659714820000062e-03
-6.397236604239999770e-03
8.911773562429999712e-03
1.206179498690000034e-03
3.046362893660000109e-03
-2.329835901040000143e-03
5.531060742210000460e-04
-4.947992856610000396e-04
-5.056894384319999582e-03
1.123382011429999985e-03
-5.940928123889999656e-03
4.168572835620000007e-03
-4.170497413719999671e-03
1.244276668880000061e-02
-2.662060409779999984e-02
1.794157549740000093e-02
-1.682361587880000162e-02
3.295793756840000033e-02
-2.751280926170000113e-02
2.709152549510000091e-02
-4.332019016150000235e-02
4.237563535569999901e-02
-2.200193330650000029e-02
2.454516105349999894e-02
-3.147090971469999887e-02
5.995939020069999958e-03
1.045088842510000053e-02
6.667215493510000217e-04
2.228016592560000050e-02
-4.202046990390000125e-02
3.328130766750000274e-02
-4.005164653059999774e-02
5.022415891289999657e-02
-4.675650969149999781e-02
3.218481317159999772e-02
-4.306996241210000326e-02
4.601088911290000111e-02
-1.928053237499999933e-02
1.923727430400000091e-02
-2.423340827229999994e-02
1.198178995400000016e-02
6.602104986089999501e-04
5.139565560970000072e-03
-8.249747566879999522e-03
-1.398084871469999942e-02
2.252264134589999911e-02
-9.788435883819999669e-03
1.192673202599999968e-02
-2.432968094939999895e-02
2.732292003930000129e-02
-2.015029452740000129e-02
2.624080330129999888e-02
-2.133605629209999952e-02
2.532700262959999837e-02
-3.377000614999999678e-02
2.275274507700000143e-02
-1.433121133600000034e-02
2.454616315659999964e-02
-2.647210843860000121e-02
1.688838936390000059e-02
-1.226432435210000026e-02
8.560047484930000117e-03
-1.876358129080000006e-02
1.404416095469999959e-02
-5.548095330599999916e-03
3.398892236869999889e-03
-7.515151984989999583e-03
1.092745177450000008e-02
-5.771350581200000197e-03
5.969814490529999802e-03
-2.720797434449999906e-03
2.011110307650000074e-03
-6.107126828279999973e-04
-3.179066989109999991e-04
2.383779792580000044e-05
-6.830777041609999850e-03
1.182736828920000031e-02
-1.318859588349999973e-02
2.220921777189999863e-02
-2.601983211930000012e-02
3.080589137969999905e-02
-3.415849432350000214e-02
3.614038228989999851e-02
-5.145243555310000105e-02
4.996211454269999797e-02
-5.215141549709999963e-02
5.201705917720000211e-02
-5.432666093110000149e-02
4.965668544170000198e-02
-4.507211223239999953e-02
4.567072540520000085e-02
-3.649013862009999748e-02
2.618624456229999911e-02
-1.425678282980000038e-02
8.787033148109999608e-03
5.239775870000000328e-03
-1.843605190520000020e-02
2.978332340719999985e-02
-3.082801029090000144e-02
4.515339061620000233e-02
-5.660449713469999783e-02
6.072344630959999878e-02
-6.167599186299999731e-02
6.432497501370000592e-02
-6.867069751019999613e-02
6.441468000410000005e-02
-6.578390300269999769e-02
6.238062679769999785e-02
-5.411079898480000011e-02
5.127257853750000205e-02
-3.859910368919999835e-02
3.709841147069999762e-02
-2.627092041080000134e-02
1.690841093660000113e-02
-7.345865480599999935e-03
-4.970675217920000324e-04
5.780324339870000078e-03
-1.973957754669999898e-02
1.990793459120000081e-02
-2.784961648289999842e-02
3.510834276679999921e-02
-4.092061147090000212e-02
3.894278034569999963e-02
-4.253808781500000025e-02
4.816202819350000330e-02
-4.875487834219999900e-02
4.395992681380000294e-02
-4.219213873149999655e-02
4.616345837710000150e-02
-3.853378817440000076e-02
3.730256855490000217e-02
-3.084235638380000005e-02
2.843154594300000004e-02
-2.163718827069999878e-02
1.847453415390000117e-02
-1.393895503130000019e-02
8.469166234139999250e-03
-7.490668445830000327e-03
3.570743836460000143e-03
-2.170928055420000106e-03
-4.971850197760000097e-03
3.232314018530000038e-03
-5.844481289390000139e-03
1.204642467200000081e-02
-1.262507773939999974e-02
1.507781073449999953e-02
-1.580040156839999932e-02
2.143978327509999879e-02
-1.796907000240000052e-02
2.432443574069999975e-02
-2.530378103259999997e-02
2.686147019270000019e-02
-2.729510329659999915e-02
2.812910079960000143e-02
-2.865802124139999948e-02
2.720169536770000035e-02
-2.506567351520000084e-02
2.350683137769999861e-02
-2.506024576719999980e-02
2.162111923100000152e-02
-1.495010964570000003e-02
1.080285757779999960e-02
-1.274460554120000061e-02
4.671802278609999727e-03
8.309703553099999493e-04
-1.555620692670000096e-03
4.079652484510000281e-03
-9.284850209950000835e-03
1.107051316650000013e-02
-9.781221859159999754e-03
1.238656230270000075e-02
-1.244427636269999915e-02
1.378633268180000024e-02
-8.777863346040000805e-03
1.407894771549999917e-02
-1.178849395359999989e-02
8.997195400299999243e-03
-1.393082551659999974e-02
9.373933076860000227e-03
-1.505226083099999931e-02
7.190198637549999848e-03
-1.053292769940000068e-02
1.648480258880000160e-02
-4.945275839420000367e-03
1.219156663860000017e-02
-1.368173211810000053e-02
7.049562875180000188e-03
-8.855960331860000811e-03
1.036181487139999947e-02
-1.396961603310000084e-02
2.032415242869999809e-03
-6.515761837360000037e-03
1.466328091919999986e-02
-2.113820984960000041e-03
4.291147924959999582e-03
-6.329570431259999574e-03
5.090132355689999839e-03
1.667260541580000083e-03
-2.191271778429999882e-04
-4.399742931130000249e-03
-4.388715140519999780e-03
4.020679276440000324e-03
-6.230249418880000117e-04
4.421189427380000161e-03
-8.961208164689999506e-03
6.938766688110000261e-03
-7.058269344270000356e-03
1.384479273109999985e-02
-1.592034660279999930e-02
1.397003792229999965e-02
-1.710426993670000062e-02
2.424389310180000146e-02
-2.138384804129999858e-02
2.091863006350000095e-02
-2.358560077849999881e-02
2.512616664170000055e-02
-2.013554424050000013e-02
1.977945864200000153e-02
-2.220189198849999851e-02
1.187341660260000063e-02
-1.002430357039999984e-02
8.214291185140000853e-03
2.439811592920000053e-03
-2.695643110199999904e-03
4.794938955459999638e-03
-1.450560055670000077e-02
1.446266751739999981e-02
-1.274769008160000008e-02
2.302563749250000069e-02
-2.279095537959999890e-02
1.865425892170000099e-02
-2.286941185589999939e-02
2.180564962329999829e-02
-2.079099603000000157e-02
2.160040102899999856e-02
-1.728076860309999893e-02
1.705586723980000163e-02
-2.151543647049999897e-02
1.118291076269999941e-02
-9.241830557580000757e-03
7.873430848120000283e-03
-8.807619102299999239e-03
4.898649174720000332e-03
5.278016906230000287e-04
1.355320448060000045e-03
1.230528228919999974e-03
-1.810608431699999975e-03
9.360130876300000805e-03
-5.565641913559999862e-03
6.576011888679999910e-03
-1.136549096550000006e-02
8.882311172780000749e-03
-8.899090811609999818e-03
1.322433073069999993e-02
-1.436054427180000030e-02
1.161688007410000001e-02
-8.898933418100000298e-03
1.490219775589999955e-02
-1.350000780080000060e-02
7.295260205859999646e-03
-1.377908792349999932e-02
1.197406183930000041e-02
-8.139428682630000036e-03
6.460711825640000003e-03
-7.543881889429999814e-03
7.980825379490000607e-03
-2.171275904400000057e-03
5.319334100929999816e-03
-1.474305987359999940e-03
-1.685277326030000088e-03
2.359930658709999949e-04
-3.458423772830000048e-03
4.105197731409999939e-03
-6.114479154349999716e-03
6.045284215360000393e-03
-7.276879157870000045e-03
8.682207204399999476e-03
-7.871715351939999328e-03
9.873288683589999740e-03
-1.008308120070000070e-02
9.541229344899999215e-03
-7.622023113069999883e-03
9.378989227120000660e-03
-9.405917488040000524e-03
7.349040359259999614e-03
-6.456709932539999794e-03
3.972886130210000026e-03
-2.749505452810000177e-03
2.590535674239999916e-03
-1.257177558729999931e-03
1.171181429529999954e-04
1.379557186739999988e-03
-4.259741399440000222e-03
3.141105407849999805e-03
-2.485280158000000104e-03
2.975545590739999899e-03
-3.397838678210000126e-03
4.242946859449999927e-03
-2.864836715160000175e-03
2.526818541810000197e-03
-2.669080160560000081e-03
2.393860137090000201e-03
-2.493802923709999807e-03
2.069953363390000193e-03
1.212282077179999986e-04
2.508034522179999892e-04
-1.423925859849999942e-03
2.206076867880000028e-03
-6.673866882919999568e-04
-9.345387807119999880e-04
-9.554913267489999716e-04
7.507933187300000000e-04
-3.891881206069999744e-04
6.577157764699999645e-04
-2.254513092339999886e-03
9.505171328779999512e-04
1.679354609220000004e-04
2.222176175559999883e-03
-2.391324844209999877e-03
2.280345652250000132e-03
-1.458998187449999945e-03
2.446416998280000199e-03
-2.034472301600000026e-03
1.791958231480000061e-03
-3.484260058029999951e-03
1.867057988420000019e-03
-2.243706723679999866e-03
1.492190174760000100e-03
-1.740564708600000074e-03
2.221873728560000167e-03
-5.578029085880000133e-04
8.314095903190000299e-04
1.523136626929999906e-03
-1.522092497909999969e-03
4.627543094100000165e-04
-3.435530234130000117e-03
3.484334098180000110e-03
-4.673330113289999622e-03
5.475724115969999618e-03
-4.870489705350000177e-03
4.497844725849999871e-03
-5.825797561559999636e-03
6.826321128759999836e-03
-4.765554331239999809e-03
4.365195520220000423e-03
-4.348532296719999704e-03
5.000805947929999780e-03
-2.187424339349999802e-03
3.297154558819999880e-03
-2.981001744050000048e-03
-1.165333087560000000e-03
-1.206917688250000020e-03
5.138996057210000034e-04
1.035167952069999909e-03
-2.148369327190000153e-03
1.110089942810000077e-03
-2.897827886040000005e-03
5.351647734640000049e-03
-1.011194079179999995e-03
3.378472756589999838e-03
-5.841793958100000017e-03
3.835184266789999977e-03
-3.899418050420000188e-03
5.625098478050000010e-03
-4.644057713449999646e-03
3.058168804269999989e-03
-4.964045714590000283e-03
5.875282455240000111e-03
-2.468983409930000216e-03
3.406475530939999819e-03
-3.538222517820000142e-03
1.956234453249999870e-03
-1.708300551399999931e-03
2.531372010710000210e-03
-1.024566241539999999e-03
-1.462133252060000051e-03
-2.325011184439999823e-03
-8.147018961610000406e-04
9.581768536010000330e-04
1.264443271790000088e-03
2.973243128509999930e-03
-6.130998372099999818e-04
-6.124651554270000447e-05
-1.503807725380000007e-03
1.805153675380000069e-03
-9.079546434799999578e-04
1.781718339769999956e-03
-3.763889195399999863e-03
2.458159113300000150e-03
-1.742832595480000094e-03
5.297258030619999593e-03
-3.941235598179999855e-03
4.000142682340000408e-03
-6.405460182579999703e-03
4.821908194569999619e-03
-6.996498443189999757e-03
5.890158936379999953e-03
-5.809453316029999925e-03
5.742334295059999850e-03
-4.555517341939999999e-03
4.115645308049999812e-03
-2.635400975119999920e-03
3.244655206799999803e-03
-5.534326774070000374e-04
7.972649764270000206e-04
1.800313824789999970e-03
-3.001981647690000077e-03
3.054323140529999810e-03
-4.196987487380000187e-03
5.710422992709999861e-03
-4.810787737369999657e-03
5.161427892739999662e-03
-7.581176236270000326e-03
5.450823809949999904e-03
-6.036572623999999707e-03
5.893390160050000250e-03
-6.230182014410000010e-03
4.474355373529999638e-03
-4.474483430390000134e-03
5.248597357419999658e-03
-3.074126783759999985e-03
2.688288688660000168e-03
-3.320144489410000073e-03
2.117540221660000038e-03
2.334855962539999954e-04
9.880686411630000120e-04
-6.843903684060000407e-04
-6.588444230149999910e-04
5.171941593289999806e-04
-9.632481960580000120e-04
2.202375559139999831e-03
-1.383117167280000078e-03
7.955657201820000041e-04
-3.458227263759999868e-03
2.269361633809999831e-03
-2.115205395970000055e-03
3.069082973520000177e-03
-4.047505557540000132e-03
2.920995233579999975e-03
-2.429071580990000128e-03
4.923721775409999925e-03
-3.196311648940000118e-03
2.979910699649999939e-03
-4.828810226169999616e-03
3.746148431670000018e-03
-1.810080488209999923e-03
4.037856124340000359e-03
-2.993301255630000102e-03
1.068486715670000043e-03
-1.410297234540000078e-03
2.155820140620000151e-03
4.920966966890000010e-05
-4.345450142860000030e-04
-6.743367994200000215e-04
-2.145325299350000093e-03
1.280248048719999929e-03
-1.087351120080000053e-03
1.752141164619999952e-03
-2.222312614319999977e-03
2.150863176209999970e-03
-1.047518337150000079e-03
2.720935968680000209e-03
-1.512239105070000084e-03
9.940619347620000858e-04
-1.410329132339999949e-03
1.082774135279999982e-03
-1.617305446420000013e-03
1.189901260660000031e-03
-1.538907876239999995e-03
1.151606091300000009e-03
-8.044597343540000169e-04
1.118410727939999965e-03
-8.967543835750000367e-04
1.526281819680000082e-03
-1.886504003779999970e-03
1.059429836459999975e-03
-1.779119484129999991e-03
1.244975137520000106e-03
-1.032631029369999922e-03
8.898016531019999585e-04
-7.191530894490000096e-04
9.806059533729999649e-04
3.276958159400000125e-05
2.578409912529999954e-04
1.015902031210000030e-03
-5.253062117839999660e-04
7.868449756639999532e-05
-1.047691213900000043e-03
9.478797437620000094e-04
-1.209686277429999944e-03
1.223591272720000013e-03
-4.998222575520000445e-04
1.819025375880000024e-03
-6.269240111580000102e-05
6.035669939590000005e-04
-1.462624291890000060e-03
1.598054368509999870e-04
-1.162225031289999908e-03
-3.982538473789999731e-04
-1.394523424100000070e-03
9.731006575749999487e-04
-5.231019531490000124e-05
1.589475315999999954e-03
1.320081064479999920e-04
1.644760719500000046e-03
-4.048962728120000082e-04
7.738278363830000109e-04
-1.865209778769999927e-03
-2.230445534220000005e-04
-1.421655411829999974e-03
7.355355774049999497e-04
8.296107807840000155e-06
1.010126667100000103e-03
2.145006292269999951e-04
5.083544529040000346e-04
9.073768742380000207e-04
5.808908099429999739e-05
5.428742952059999920e-05
-1.902825897559999981e-03
-1.082843155019999956e-04
-1.561963814310000052e-03
1.073153805920000091e-03
-7.936444599179999851e-04
1.812420901839999947e-03
-2.259985049019999973e-04
1.520079327750000018e-03
-5.571567453440000100e-04
2.456830989099999946e-04
-9.079357259909999695e-04
-2.142811863450000084e-04
-7.080405484879999769e-04
5.812171002619999984e-05
6.536677246909999460e-04
6.688025896439999925e-04
7.074293680490000014e-04
-2.336332443059999928e-07
-1.658687542660000050e-04
-4.846387309950000088e-04
2.425277780279999943e-04
-3.540405305099999893e-04
-2.364149986530000066e-04
-1.061367220249999978e-04
2.149613283109999995e-04
2.697561467360000160e-05
-2.032777556449999945e-04
3.256690979469999863e-05
-2.783051750160000235e-04
4.088092537129999859e-04
-8.879118104230000470e-05
8.728125831109999604e-04
-1.899571943800000085e-04
7.551989983770000521e-05
-5.069514154460000354e-04
-3.713947953659999923e-04
-1.216130913240000006e-04
-3.265346749689999775e-04
6.607618997800000175e-04
7.566114163640000406e-06
7.387427031059999854e-04
-5.566527834159999688e-04
6.438132841140000373e-04
-9.055663831530000058e-04
8.341061184179999468e-04
-1.574281341160000010e-04
3.350701590530000208e-04
-3.811285714620000088e-04
-2.992586996699999837e-05
-3.804330772250000031e-04
2.473754866510000246e-04
-4.264119779690000197e-04
-2.459259703760000135e-04
4.897615144729999977e-05
7.251042407009999999e-04
-2.724496007430000162e-04
-2.388199500269999988e-04
-1.151185279009999977e-05
5.553906084969999733e-04
3.296030990900000214e-05
-3.305701538919999746e-04
2.217769360870000070e-05
1.896620815389999997e-04
6.508134538310000471e-05
-9.938519215209999386e-04
3.822006401610000218e-04
-5.792239971919999883e-05
6.708686123599999756e-04
-1.112205558460000040e-03
7.518080528830000308e-04
-2.267179224869999871e-04
1.133925630710000106e-03
-9.221266955140000176e-04
4.760396550409999985e-04
-2.927199238909999868e-04
8.326793904420000348e-04
-8.208578801710000265e-04
-6.739649961669999772e-06
-5.961023853159999651e-04
-7.233742508109999424e-05
-3.274608752689999770e-04
7.307745399879999595e-04
-9.294103074349999367e-05
7.297958291020000193e-07
1.818707823989999903e-04
2.529421763030000091e-04
8.265826618299999514e-04
-6.136407027949999709e-04
-2.576047845650000258e-04
-6.835742969999999497e-04
5.429379525589999493e-04
-1.092357211750000093e-03
5.742662469860000457e-04
-8.114891825240000195e-04
1.886302139610000067e-03
6.293111073320000512e-05
1.290011801759999950e-03
-7.262665312739999875e-04
6.287192809400000190e-04
-1.239682896990000052e-03
6.604359368789999591e-04
-1.053909072649999957e-03
9.221409709430000224e-05
-5.279754404909999844e-04
5.367264384399999741e-04
-2.300252817799999891e-04
7.935804314910000498e-04
1.090793593899999956e-04
5.014699418100000434e-04
6.800018600189999818e-04
-9.572059207129999896e-05
-5.376478657130000227e-04
-1.334251486700000020e-03
-2.078470279230000030e-04
-1.020764349959999958e-03
9.836301906030000576e-04
-8.306868257930000296e-04
1.384099479759999919e-03
-4.532691964409999818e-04
2.148719271639999880e-03
-9.985464857890000677e-04
1.217258744870000024e-03
-1.812819740729999926e-03
8.959958213380000156e-04
-1.669295597819999994e-03
6.269065779630000413e-04
-1.058798166920000075e-03
1.310754683800000042e-03
1.438005419910000121e-04
4.908398841509999935e-04
2.305756497659999912e-04
-6.332652901619999833e-06
6.802449934180000300e-05
-1.492018112910000046e-03
9.015713294500000410e-05
-1.593571738340000040e-03
1.554670277980000096e-03
-5.380758084359999480e-04
1.487013301810000089e-03
-8.093044743870000078e-04
1.531313057060000029e-03
-4.384644271339999989e-04
9.700275841170000364e-04
-8.725263178349999512e-04
2.323124208489999983e-04
-5.225056083869999979e-04
5.171508528289999861e-04
-4.594549245669999823e-04
8.427893772020000061e-05
-2.079455298370000004e-04
1.527056738269999981e-04
-9.199321357299999533e-05
1.211418748429999949e-05
-5.013366535420000168e-05
6.600573397010000491e-05
7.836538134139999878e-05
-2.862896362789999838e-04
3.028318460570000002e-04
-1.953996106750000060e-04
-2.001838001890000125e-04
-2.146587503379999886e-04
4.128761356699999830e-04
2.033466735159999983e-04
7.188949384730000279e-04
-4.726744373330000223e-05
6.118577439339999537e-04
1.862839235399999939e-05
1.185037308459999945e-05
-6.996138836260000320e-04
-2.573901729190000015e-04
-6.567350937980000539e-04
1.550900051369999910e-04
-1.995900383920000062e-04
2.526872267480000166e-04
2.701434423220000231e-04
3.796570235860000021e-04
-1.931930164569999931e-04
4.187923332210000257e-04
-4.945477121509999751e-04
-5.933946886220000299e-05
-5.075854132880000275e-04
2.101697282339999850e-05
4.088571949980000255e-05
6.498122820629999557e-04
2.173240063709999952e-04
3.675943007689999880e-04
4.416857263999999757e-04
9.100005991060000274e-05
2.706227824089999867e-04
-5.336921312850000142e-04
-3.018775896629999973e-04
-8.413834148089999925e-04
1.371422549709999975e-04
-5.213633266980000216e-05
3.168609109709999948e-04
-2.760530333030000141e-04
2.749340201259999950e-04
5.756576429120000395e-04
6.604578084080000016e-05
-6.826973276470000019e-06
-5.970887723380000458e-04
1.123209312939999983e-05
-2.855633792930000196e-04
1.271388173339999884e-04
-2.088171313519999995e-04
2.075676457029999931e-04
5.573142552749999748e-04
4.109066212550000255e-04
1.948440039999999908e-04
-6.123833009040000486e-04
-3.665556141640000012e-04
-2.731627610049999809e-04
7.390429964290000505e-04
-1.956769701790000049e-04
1.602362899580000088e-04
-6.386183085849999773e-04
3.644723328760000013e-04
-2.353244781259999994e-04
2.936936216430000241e-04
1.304640318269999959e-04
1.003067591229999999e-04
1.303076132899999996e-04
9.803842658579999458e-06
4.855013103219999750e-04
9.959386079569999871e-05
5.161629524080000361e-04
-9.030818473549999913e-04
-1.336698915110000026e-04
-2.774010354190000176e-04
9.271849412469999972e-04
8.267023076769999942e-05
3.788463436650000199e-05
-3.683836257550000218e-04
-2.193180989709999913e-04
-2.748072147370000050e-04
-2.093092916770000013e-05
4.782964533659999772e-04
-5.291709094310000474e-04
4.080975195389999893e-04
-4.557202046269999765e-04
4.669287009160000171e-04
-7.899723277660000015e-05
4.332968092060000115e-04
-1.599285315020000089e-04
-4.718625496030000224e-05
-8.033117774179999776e-05
-1.414686848879999998e-04
5.373755702749999493e-04
-2.935312804770000023e-04
2.628689690029999962e-04
-3.892129461750000029e-04
6.253911997190000080e-04
-6.911225500520000562e-05
5.128770135340000001e-04
-4.582884430420000057e-04
1.451313728469999953e-04
-3.045379417019999772e-04
-2.856323844749999790e-04
7.017144525889999795e-05
-4.294598184060000154e-04
1.623239950279999880e-04
-3.252952010370000033e-04
7.660476840099999596e-04
-2.184142795159999993e-04
9.200128261000000383e-04
-3.210948780180000067e-04
7.208011811599999508e-04
-4.651768831539999970e-04
5.873543559569999878e-04
-4.525818803810000034e-04
1.135508500739999973e-04
-3.089510719289999914e-04
-2.541278663560000029e-04
-1.693696394800000107e-04
-5.385420517999999802e-04
2.952199138240000254e-04
-1.983447436940000022e-04
7.283634040500000474e-04
-5.012768087910000371e-04
5.332204746079999757e-04
-8.044870919550000353e-04
5.716214654970000171e-04
-8.127370383590000122e-04
6.334354402499999849e-04
-5.441427929330000307e-04
9.632576839069999577e-04
-1.956816413440000011e-04
8.684947970320000066e-04
-3.966510412279999984e-04
5.146455368959999789e-04
-5.461073596959999761e-04
-1.500584312449999986e-05
-2.825252304319999749e-04
-2.003633126150000004e-04
-7.213413482529999689e-05
-2.419395168539999902e-04
3.585407393979999865e-04
9.885751205729999627e-05
8.164835162459999508e-04
-4.727830528280000072e-04
6.328616873360000438e-04
-5.476674414239999459e-04
6.259611691350000246e-04
-8.433526963930000273e-04
5.388069548640000072e-04
-6.153343711049999616e-04
8.609059732409999688e-04
-5.619360599669999748e-04
8.689998066980000315e-04
-3.626900434029999834e-04
6.673370371569999678e-04
-3.464104665910000070e-04
3.924462362189999978e-04
-5.237053264859999795e-04
-8.962252468340000224e-05
-5.662311450579999477e-04
-1.997169456439999919e-04
1.179984701589999967e-05
4.504590833680000218e-05
3.507338697090000125e-04
-1.626748271519999915e-04
5.711854901159999637e-04
-5.334916204449999749e-05
9.423182345930000139e-04
-6.446590996350000206e-04
1.354718260699999926e-04
-8.375574252570000284e-04
5.221649771559999783e-04
-4.624897846950000143e-04
6.063109613020000116e-04
-3.391637001190000110e-04
7.720490102659999850e-04
-1.693735976000000090e-04
2.510796184649999969e-04
-3.642570227380000059e-04
-2.332326039320000032e-05
-4.781332972930000028e-04
-2.699006290640000019e-04
-7.365790224870000377e-05
8.060596883299999608e-05
3.096581785939999765e-04
-4.767943028129999921e-05
1.991193275900000100e-04
1.122551257140000028e-04
3.283793048469999735e-04
-1.382920891050000000e-04
1.316827547269999895e-04
-7.061154610710000353e-05
2.744609955700000000e-04
-1.565650018159999899e-04
3.005702455990000169e-04
-7.822208863220000616e-05
1.435850281269999984e-04
-2.797402266880000244e-04
5.643053009409999696e-05
-2.192037500210000135e-04
1.963091490319999913e-04
-2.118130942109999900e-04
1.533136237410000127e-04
-1.862062053990000128e-04
-4.914764213029999823e-05
-2.989737549800000247e-04
1.096999985749999996e-04
-1.254772068929999973e-04
1.402795023749999880e-04
-2.720828633760000214e-04
-4.375073331180000193e-06
3.121899790129999976e-04
1.554612244950000037e-04
-3.179868372169999806e-06
-1.589352759770000100e-04
4.758533032149999688e-05
-2.442337572570000030e-04
-1.018507464319999995e-04
-4.693531955129999858e-04
1.430648990209999901e-04
-2.791917722790000040e-05
5.793619784529999628e-04
-8.630377124060000611e-05
4.111247544640000257e-04
-8.331215212820000226e-05
3.489986993369999799e-04
-3.586039238139999974e-04
-1.794542913559999883e-04
-6.127860397099999749e-04
-2.113254304279999917e-04
-3.538692544679999854e-04
-8.874890772859999331e-05
2.187573845729999977e-04
5.085720331410000308e-04
4.191418702250000153e-04
1.991324461409999948e-05
2.223168121419999898e-04
1.562750985610000093e-04
6.589073746000000250e-05
-5.773133016190000466e-04
-1.955784100570000098e-04
-5.517626414079999757e-04
3.427968476899999838e-04
-1.414692087560000049e-04
5.534475203599999778e-04
2.192193060179999922e-04
6.210925057529999814e-04
-5.037147784610000300e-04
2.027073496720000097e-04
-3.010451328010000163e-04
1.534473703939999998e-04
-4.800957394760000090e-04
-3.315533103889999858e-04
-3.849572094619999984e-04
1.640759583100000023e-04
5.460829706860000380e-04
-6.922021566420000411e-05
1.864826335800000095e-04
-1.459346435689999961e-06
3.773435018960000025e-04
-1.130074524550000044e-04
-2.092553040710000021e-04
-4.244151350579999753e-04
1.694115780989999937e-04
-2.969887573269999769e-04
5.175975093150000304e-05
1.151843098339999958e-04
3.909539664159999961e-04
2.081130223809999984e-04
3.650943108370000175e-04
1.595064532010000101e-05
4.690538844439999679e-05
-1.559352531329999977e-04
-3.254744515289999750e-04
-9.521775791649999361e-05
5.438442894960000135e-05
-1.111877791120000043e-04
-2.319564373469999914e-04
-7.653563443449999310e-06
1.789387169990000080e-04
-2.187219979530000106e-05
-5.061000410930000247e-05
-9.557096927890000300e-05
6.823467992939999806e-05
1.103041286110000030e-04
1.374562270940000107e-04
-8.205734775399999806e-05
2.968687622339999757e-04
6.599145854120000421e-05
3.221730585209999832e-04
-1.796224387359999998e-04
1.682879519650000032e-04
-3.406814648770000267e-04
2.205946802860000132e-04
-2.378747303740000015e-04
7.223663851620000065e-05
-1.983440743060000029e-04
2.016580983760000133e-04
5.747557952419999862e-05
1.229826593769999909e-04
-7.515829929619999381e-05
-3.066258504989999886e-04
-1.545161503600000000e-04
-1.152042095780000046e-04
1.483289961469999910e-04
-1.858433242889999935e-04
7.688803452769999412e-05
-2.085258456650000084e-04
5.571332294489999681e-04
1.220744161399999925e-04
4.061879299120000155e-04
-5.148832569830000348e-04
-2.162756936740000007e-05
-2.941715356429999793e-04
4.995773779230000414e-04
-2.136119146600000006e-04
4.570426244749999962e-05
-4.638517566490000079e-04
1.508800487499999869e-04
1.903331431089999874e-04
5.921568372290000361e-04
-5.793862146670000085e-05
-1.641757698959999995e-04
-3.125996154269999904e-04
1.040071583699999979e-04
-4.937331323160000323e-05
-8.168239583029999649e-05
-2.838475338649999995e-04
-1.896332250909999893e-04
3.640763461590000257e-04
2.558457199480000210e-04
6.285796553129999772e-05
-5.437022191469999917e-04
-1.115877530540000044e-04
-1.671985228310000047e-04
5.108942277730000236e-04
1.578102528580000092e-04
-1.256193445440000009e-05
-2.917580713980000144e-04
2.055122604360000026e-04
2.117743679260000123e-05
3.506026696409999741e-04
-3.413092345000000197e-04
-1.725338806860000072e-04
-1.673730439509999964e-04
1.948219869519999951e-04
7.051976717779999989e-05
2.510587510189999944e-04
-6.080212187949999517e-04
-2.228949597339999927e-04
2.297779283250000072e-04
4.203069838700000216e-04
-3.229347203160000250e-05
-1.113237231039999951e-04
-1.669115736150000103e-04
4.015343729410000167e-04
1.741616724760000037e-04
1.349042668150000032e-05
-2.690413675740000203e-04
-3.063893236689999781e-04
-2.541628491600000169e-04
1.438749168299999930e-04
3.669627767519999880e-04
2.638164005480000038e-05
-2.713033172770000024e-04
-1.260067365369999957e-04
6.866247713330000664e-05
6.578129250559999503e-05
3.160054911859999757e-04
-3.194485034329999943e-04
-2.106559122689999844e-06
-2.874650999729999845e-05
4.381657163320000207e-06
1.024394514390000055e-04
1.435714802939999906e-04
-2.403769176449999892e-04
-3.758163802560000221e-05
7.635473593840000437e-05
1.363481715090000118e-04
-4.896214159089999824e-05
-8.873824845069999863e-05
-2.608780632729999901e-04
6.829006906629999842e-06
1.509460271339999906e-04
-5.322666402210000236e-05
4.839489702140000100e-05
1.157165024780000057e-04
2.829162694980000064e-04
1.778635632950000011e-04
8.301100024249999853e-05
-5.840196990900000344e-06
-6.134618161009999875e-06
-1.616773079149999928e-04
-2.270381228300000134e-04
-3.041039235539999918e-05
2.584453977759999942e-05
1.666413154449999880e-04
7.507520058430000587e-05
9.692487219579999484e-05
5.512556163010000272e-05
8.581783185950000678e-05
-2.137207775380000024e-04
-1.268694904869999954e-04
-3.509485686659999924e-04
-6.950189708730000423e-05
2.325501009179999846e-05
1.006679376589999950e-04
-7.192538760140000480e-05
4.933280069960000152e-05
-6.122609920569999672e-05
7.927859405750000538e-05
1.005207013799999975e-05
2.173409593519999973e-04
2.938268698929999878e-05
4.684408122559999759e-05
1.831251211120000057e-05
-1.526761625430000013e-04
1.630584738449999906e-04
-2.081429265669999926e-04
1.912386096590000019e-06
-3.866788756570000080e-05
3.749497991520000183e-04
-1.394480641469999919e-04
2.737190807239999802e-04
-5.443805712280000300e-04
1.128326402979999980e-04
-2.086608292300000118e-04
1.526934356659999902e-04
-2.612135722299999780e-04
2.424027770759999971e-04
-3.151780765619999956e-05
5.568540072999999787e-04
1.990504824789999898e-04
1.117541032730000024e-04
-6.101102917460000100e-05
-1.604119024710000093e-04
-2.967494656329999997e-04
-2.404532715450000103e-04
-7.293673843379999547e-05
-2.331039722779999941e-04
2.372232556810000015e-04
9.343813871959999776e-05
4.992492613379999637e-04
2.424126578260000077e-04
1.997274193850000153e-05
-1.232858630830000032e-04
-1.336234126939999907e-04
-2.962055732500000005e-04
-8.394118253819999741e-07
-9.633649460740000665e-05
2.510845115470000145e-05
2.809035358950000240e-04
4.005930386479999799e-04
3.293059417050000093e-04
-3.848793858200000252e-05
-6.380293598340000290e-06
2.745561687330000031e-05
-4.284359420129999842e-06
-3.632725565690000219e-04
-3.185788809790000083e-04
-1.901163777800000119e-04
1.060747890730000026e-04
2.102016442219999939e-04
1.522176899020000131e-04
1.420814223819999922e-04
7.765580812699999808e-05
1.083739116439999962e-04
-1.284127065449999999e-04
-1.098757566069999940e-04
-2.744888479359999843e-04
-1.836461597120000100e-04
-2.043181848420000006e-05
2.050069888359999887e-04
1.276157563550000108e-04
3.135213919449999836e-04
-1.338573492829999865e-04
2.032171905739999971e-04
-3.096377622569999687e-05
1.622561539989999938e-04
-4.273513332010000164e-04
-2.084968582489999897e-04
-3.649140708150000055e-04
4.439073964019999872e-04
1.505100663050000043e-04
2.907687448900000016e-04
-1.689978525969999942e-04
2.408909349470000070e-04
9.743613190949999934e-06
2.153412060580000057e-04
-1.395749131919999937e-04
-2.583196910559999856e-04
-2.326843823540000072e-04
-1.138431689469999997e-04
1.979817752730000002e-04
5.444500493469999901e-05
1.179120881719999936e-04
-1.979978987950000097e-04
4.407209344210000169e-04
1.653799408810000134e-04
3.387617762199999832e-04
-5.115416715849999737e-04
-2.440621174170000006e-04
-4.724414902739999854e-04
2.497004461469999842e-04
-1.061772854880000040e-04
2.095975505650000091e-04
-3.429901553320000235e-04
3.311996406410000048e-04
1.970567245729999933e-04
5.020218086429999562e-04
-2.548452466730000230e-04
-3.356759261810000178e-04
-3.841603174810000209e-04
4.803433330380000015e-05
9.513003897149999654e-05
-7.771875061740000308e-06
-8.545601303919999898e-05
-1.828952190409999882e-05
1.496937620690000045e-04
3.067196812480000169e-04
3.134059952570000221e-04
-3.989916876889999992e-04
-3.219742502549999817e-04
-2.392302994850000028e-04
2.653367118910000019e-04
1.852130662880000086e-04
4.462210563359999882e-05
-3.553830902090000148e-04
1.838081661840000049e-04
2.627045614640000190e-04
4.599569656419999811e-04
-3.005006583409999734e-04
-2.159309078710000042e-04
-4.947886336589999660e-04
1.457222679159999982e-04
-7.580529199909999925e-05
8.438501390630000676e-05
-4.082667874169999952e-04
1.260889839610000024e-04
-9.610191045789999692e-05
5.014631315129999866e-04
3.723591362359999699e-05
3.708246731549999888e-05
-1.269383647010000006e-04
1.152643926620000079e-05
-5.963720832369999767e-05
9.783561108629999824e-05
-1.510982838229999966e-04
-2.903589302149999857e-05
-3.859048229060000256e-05
2.776317705869999972e-04
8.563845040039999579e-05
2.408577347520000003e-05
5.781461732109999902e-05
-7.206528152890000392e-06
3.988221942559999958e-05
-8.563372102799999934e-05
-3.751134499910000267e-04
-1.678691915000000089e-04
8.620596781839999869e-05
1.624000651650000002e-05
2.689865359570000019e-04
1.864041041700000112e-05
1.623592834220000027e-04
-1.671289101070000063e-05
3.050889936279999916e-04
-2.797903725879999793e-04
4.256767351760000283e-05
-5.460625397970000038e-04
4.561328387350000211e-05
-2.494004438630000021e-04
2.259236789540000081e-04
-2.030553696389999978e-05
3.655217296910000051e-04
-1.335150300289999960e-04
3.765200090130000157e-04
-1.956344640349999911e-04
-2.117562326020000084e-05
-3.232507733630000197e-04
-2.088123619610000037e-05
-1.362824550600000111e-04
7.699210254939999943e-05
-1.633978681639999939e-04
1.781198661769999914e-04
1.758770231390000037e-04
-1.168140715890000004e-05
3.385607269590000068e-04
-1.770109884089999860e-05
-5.222830805000000038e-05
-4.184786812400000263e-04
-5.723817594120000072e-05
-1.673918595769999891e-04
2.659485617189999906e-04
-1.666941971049999921e-04
8.492333290630000664e-05
-8.110214548650000082e-05
2.724441001190000002e-04
-1.572580076750000036e-04
1.782129256749999976e-04
-2.923759166149999850e-04
1.369702658850000096e-04
-2.527133619880000178e-04
1.538935903230000081e-04
-1.158469967779999989e-04
2.340319770160000003e-04
-1.277304545510000013e-04
2.474768552929999983e-04
-7.016804738670000187e-05
1.310722473139999996e-05
-1.492479350419999935e-04
4.822614573640000081e-05
-1.650034100749999907e-04
3.841748912240000065e-05
-5.872236579309999762e-05
4.731002627519999878e-05
1.214622388939999971e-04
4.421469566299999788e-05
1.302428136110000013e-04
-8.592157973909999419e-05
1.643249706829999967e-04
-7.184189598770000058e-05
1.357114815619999955e-04
-1.953297323779999879e-04
3.746370202859999692e-05
3.721231450980000175e-06
2.810540026990000230e-04
-9.286734712080000319e-05
2.808522258419999954e-04
3.317978325870000114e-06
3.413063241169999912e-04
-1.819596509450000074e-04
-2.911804040200000122e-05
-2.675119030760000015e-04
7.603318954350000416e-05
-2.976833493450000063e-04
1.999402593360000082e-04
-2.889749157480000146e-05
1.545535196779999963e-04
7.401091806970000414e-06
1.352985273120000049e-04
4.877195897279999780e-05
1.108971173380000059e-05
-1.817954180299999963e-04
-1.017198446789999963e-04
-1.445752131989999894e-04
-3.962566188420000326e-05
1.404838112650000055e-04
1.473417505620000002e-04
1.834491558839999880e-04
6.637572369070000476e-05
2.116733958250000057e-04
-8.473599154969999351e-05
7.523539534300000280e-05
-3.400476125529999739e-04
-8.953324140749999952e-05
-1.484744716440000072e-04
1.536159397800000075e-04
-7.009703404040000508e-05
1.814367424229999923e-04
1.186816007250000014e-04
4.727864506999999680e-05
-3.826179636230000074e-06
-7.809396629449999472e-05
-1.017548856909999944e-04
-9.711848542789999880e-05
-2.802877861539999869e-05
-4.059301136290000331e-05
1.182877313109999989e-04
6.005060276949999933e-05
6.290324381550000657e-05
1.059894348149999959e-04
1.119084554380000030e-04
-1.205029693660000057e-04
-4.144418198849999916e-05
-1.039072449200000047e-04
-1.641293492870000124e-04
-6.814002699679999966e-05
4.386555156090000154e-05
1.419151958540000092e-04
3.251310554329999748e-04
3.166818059979999763e-04
6.994055002000000207e-05
1.311676460319999901e-04
-1.579456584299999955e-04
-1.753918186299999985e-04
-2.137633855450000119e-04
-4.716189141620000149e-05
-2.113377740900000053e-05
1.664453448029999910e-04
1.102317546610000003e-04
2.725483791440000024e-04
2.006436407099999983e-04
4.260655987310000078e-05
4.160412936469999959e-05
4.498067573879999825e-05
-2.400704106549999921e-04
-2.444289857519999767e-04
-2.149202919100000060e-04
-8.067867383940000137e-06
2.301614586029999976e-04
8.701183833180000011e-05
4.567923315340000279e-05
1.522996899439999895e-04
1.107157004299999970e-04
1.358519511999999887e-04
-9.812864846029999637e-06
-3.249452856829999751e-04
-1.214340809379999984e-04
-1.906435500130000129e-04
1.078568820959999950e-04
5.748392868550000024e-05
1.082381786550000034e-04
6.581074558199999694e-05
2.099642879329999907e-04
2.161067677660000077e-04
2.514100924599999769e-04
-1.618030655659999991e-04
-2.793833846230000259e-04
-3.350902698000000142e-04
1.338025322179999981e-05
2.208414116469999974e-05
5.306841558190000265e-05
-8.801725198280000372e-05
-2.100904202959999985e-05
2.509707992430000069e-04
2.232603146690000041e-04
1.071130900529999988e-04
-6.242510426090000248e-05
-2.142848097719999938e-04
-1.175312645499999994e-04
-1.412984129270000082e-04
-3.682903843580000300e-05
6.589156328120000352e-06
1.116685598390000032e-04
8.881623216439999389e-05
1.887752150650000098e-04
1.289240462940000065e-04
8.089788752839999751e-05
-1.022233991530000001e-04
5.860075179950000176e-05
-1.644478616070000135e-04
-5.561955549640000172e-05
-1.168941598729999933e-04
-1.657491666260000002e-04
6.447405030489999542e-05
2.088436121990000166e-05
3.591029962989999839e-04
1.208742178280000038e-04
1.125011112890000008e-04
-1.456868922110000008e-04
8.723141945669999730e-05
-2.343684755030000014e-04
-6.101687176849999875e-05
-2.603085304139999960e-04
-5.160286036700000012e-06
9.280024823970000139e-05
3.404525923539999835e-04
7.572485628770000260e-05
2.308341790920000116e-04
6.361796840789999709e-05
1.857554598250000025e-04
-1.114455953939999999e-04
-1.854339207060000047e-04
-1.181601473949999939e-04
-4.831190381079999714e-05
-1.303367844230000020e-05
1.512896124039999962e-04
1.356162392770000121e-04
2.261970657859999957e-04
2.027095179070000010e-04
1.069582795029999970e-04
5.754093945140000200e-05
-1.742564927549999909e-04
-1.404837094009999960e-04
-2.783970267050000255e-04
-1.819454046200000015e-04
4.057734986419999707e-05
1.670556084719999911e-04
4.051072392029999734e-05
1.558442600069999873e-04
6.585688242919999732e-05
2.959363337140000173e-04
8.961765161080000191e-06
-3.754956196639999851e-05
-2.593629760670000260e-04
-9.771557961360000392e-05
-1.484662207080000103e-04
8.356318721780000517e-05
-1.060526119550000003e-05
4.672225259129999912e-05
-9.504411718809999685e-05
3.520759128150000256e-05
2.481967203489999932e-05
1.838698080970000120e-04
-2.378594508629999977e-04
-3.199839920849999826e-05
-1.124936461569999986e-04
-6.554690480699999343e-05
1.798523589969999996e-05
-9.028913336809999985e-05
-3.758590173669999898e-05
1.097162312359999976e-04
9.843720181379999863e-05
2.010184252869999988e-04
6.156796735009999503e-05
-5.094575953990000051e-06
-2.006722206719999932e-05
-4.268721750119999975e-05
-2.219141424580000033e-05
-2.053538082689999923e-05
-6.553834100489999866e-05
-3.589516563809999942e-04
1.897496404129999899e-04
1.260123535759999933e-04
1.781179307730000041e-04
7.623140118080000188e-05
6.268872675720000014e-05
-1.069990976249999995e-04
2.604989640529999854e-05
5.227362635200000283e-05
7.275880489029999633e-05
-9.646713442630000317e-05
6.612211291210000016e-05
1.696285326029999885e-04
3.371897764739999789e-05
-6.824240699640000312e-05
1.863810393840000115e-05
-7.144295523180000241e-05
-1.953814171429999841e-05
-9.035656694320000131e-05
-5.299730401019999706e-05
-1.649199111850000016e-05
-1.567901344970000119e-04
1.448083930879999893e-04
1.545481791250000007e-04
1.374674029649999949e-04
4.488352715270000162e-05
1.957446511369999854e-05
-8.654210250819999335e-05
-1.473042502770000094e-04
-2.194746048189999974e-04
9.181658242599999645e-06
1.254469680130000035e-04
2.636324461489999931e-05
2.489538201189999938e-05
1.431808195779999977e-04
1.693995873210000027e-04
1.045180033539999979e-04
-1.179337923529999953e-04
-1.563809055370000024e-04
-3.785179433180000286e-05
-3.324399949630000168e-05
-3.501466926539999707e-05
2.051089104499999934e-04
2.578132989580000112e-05
2.052121417359999980e-04
1.323984615740000112e-04
9.833967487790000548e-05
-1.115871928049999936e-04
-3.769874092540000338e-05
-1.450553827449999999e-04
-4.297906707510000068e-05
-4.108223583899999869e-05
1.037908950819999948e-04
1.712352241160000057e-05
1.853835419749999848e-05
1.486092369299999924e-04
8.477762457910000568e-05
2.332166041010000021e-04
-8.666503708810000429e-05
-1.565886341270000001e-04
-1.023843797160000040e-04
2.837805368470000110e-05
-3.948043377019999731e-05
-7.606417784699999397e-05
1.538472315590000013e-05
1.472978619860000030e-04
1.800637255659999958e-04
2.106817410090000076e-04
6.340701656880000012e-05
8.398858335570000483e-05
-6.069684241080000142e-05
-2.605931949800000176e-04
-1.462419168089999994e-04
6.973903509790000028e-05
-1.372152619300000080e-04
1.513104070910000019e-04
5.338099435899999973e-05
2.045671135420000020e-04
